03:15:941
03:9:585
02:51:3077
03:44:2650
03:42:2559
03:52:3152
03:43:2622
03:32:1974
05:20:1259
03:42:2520
03:32:1934
03:9:571
04:15:921
03:40:2411
04:25:1502
03:12:735
03:19:1169
03:25:1509
03:35:2113
04:22:1346
04:13:798
03:40:2411
03:44:2650
04:22:1342
03:32:1976
03:48:2891
04:15:921
03:12:735
03:11:676
03:35:2100
04:19:1163
03:16:984
04:40:2444
05:11:676
02:55:3353
03:53:3193
03:53:3193
03:32:1974
03:50:3006
04:23:1383
03:9:595
03:32:1940
03:32:1976
03:13:802
03:36:2172
03:35:2100
03:34:2074
03:42:2559
03:50:3045
03:32:1976
05:13:800
04:25:1502
03:11:672
03:25:1527
05:20:1219
05:20:1259
03:10:648
03:10:609
03:44:2681
03:34:2095
03:9:576
03:4:268
04:13:798
03:42:2559
02:57:3436
03:6:417
02:54:3254
03:26:1570
04:16:994
03:9:576
03:51:3106
03:32:1976
04:19:1192
03:53:3193
04:15:917
03:9:570
03:42:2520
04:33:2030
03:42:2520
04:18:1127
04:33:2030
03:50:3006
03:38:2306
03:53:3193
03:20:1258
04:18:1127
03:50:3010
04:19:1192
04:19:1192
03:32:1974
03:10:612
03:32:1976
03:28:1702
03:18:1103
04:23:1383
04:19:1159
03:27:1651
05:10:634
03:34:2041
04:5:325
04:24:1499
03:39:2349
03:36:2172
03:9:595
04:6:388
05:23:1380
05:11:719
03:36:2214
03:12:731
04:4:277
03:39:2349
03:19:1169
04:20:1259
03:32:1934
02:59:3564
04:12:756
03:55:3316
03:25:1518
04:25:1539
04:4:277
05:20:1259
03:32:1940
03:33:2013
03:45:2758
03:44:2685
03:9:577
03:32:1948
03:37:2228
03:48:2934
03:35:2100
03:9:576
03:32:1948
03:13:815
03:11:672
03:17:1046
03:51:3106
03:52:3152
02:57:3429
04:13:798
04:29:1783
03:22:1373
03:36:2214
04:22:1341
03:16:984
04:12:756
03:25:1527
03:51:3106
03:39:2349
03:36:2172
03:6:368
04:4:277
03:56:3386
03:26:1570
04:15:921
05:11:673
03:34:2095
04:22:1346
02:59:3553
03:50:3010
04:14:858
03:4:268
03:44:2681
03:34:2087
03:53:3193
04:4:277
03:25:1542
03:32:1976
05:37:2246
03:34:2041
03:11:672
03:10:609
03:32:1978
02:57:3429
03:32:1976
05:23:1385
05:13:795
03:25:1509
04:20:1259
03:50:3010
04:21:1305
03:50:3010
03:28:1702
03:48:2891
04:37:2233
03:34:2095
03:29:1763
03:9:571
04:0:19
05:17:1048
03:37:2228
03:19:1180
04:13:798
03:32:1976
04:5:339
03:10:648
04:19:1170
04:13:798
03:25:1504
03:14:889
03:45:2758
03:53:3193
03:57:3473
04:6:415
03:50:3052
05:11:676
03:3:219
03:27:1631
03:4:272
03:25:1502
04:22:1346
03:42:2527
04:25:1539
03:33:2016
03:32:1974
03:45:2715
04:20:1232
05:17:1048
04:5:349
04:22:1341
04:19:1192
04:25:1502
04:57:3424
03:32:1941
03:9:584
03:32:1976
03:46:2799
04:15:921
04:19:1192
03:11:672
04:12:758
03:34:2095
03:17:1038
03:16:984
03:25:1529
04:24:1471
05:23:1380
04:22:1331
03:35:2135
04:20:1232
03:32:1976
03:12:725
03:32:1948
03:41:2468
03:18:1103
03:32:1934
03:39:2349
03:21:1285
02:56:3360
03:35:2129
03:43:2622
03:44:2681
04:4:277
03:43:2601
03:57:3473
03:32:1974
04:19:1170
04:13:798
03:43:2626
02:56:3388
03:32:1976
04:11:688
05:19:1158
03:35:2100
03:39:2349
04:13:795
03:25:1502
03:43:2613
03:54:3290
05:22:1349
03:12:731
03:34:2041
03:50:3010
03:32:1974
04:17:1054
03:42:2520
03:29:1767
03:48:2891
04:18:1127
03:9:570
03:53:3193
03:40:2411
03:32:1974
02:55:3355
04:19:1170
03:42:2526
04:18:1127
03:45:2730
03:10:612
03:9:570
03:50:3039
03:44:2660
03:36:2172
04:24:1461
03:36:2207
03:40:2411
04:23:1381
03:26:1584
03:51:3106
03:32:1934
04:29:1763
03:51:3106
03:42:2559
03:34:2095
04:18:1127
04:15:917
03:36:2207
03:32:1934
03:7:454
03:32:1934
03:32:1934
03:47:2837
03:52:3152
03:43:2598
05:11:676
03:10:612
02:43:2589
04:13:783
03:35:2115
03:32:1934
02:56:3413
03:32:1934
02:56:3413
03:4:251
02:50:3045
04:25:1539
03:50:3039
04:13:798
04:22:1342
05:3:227
03:32:1934
03:39:2349
02:54:3290
02:51:3065
03:2:163
03:9:571
04:13:798
03:29:1740
03:3:198
04:13:807
03:32:1974
03:51:3106
03:19:1157
03:6:411
03:4:240
03:25:1502
03:8:493
03:34:2095
04:14:890
05:26:1583
03:19:1143
03:2:144
03:51:3106
03:32:1941
04:24:1480
03:20:1228
03:34:2041
03:32:1934
03:9:577
03:23:1439
03:9:585
03:32:1974
03:50:3010
03:34:2095
03:42:2535
03:19:1162
03:56:3386
04:27:1626
03:50:3006
03:34:2041
03:10:609
03:32:1934
02:58:3536
05:20:1221
04:33:1999
03:5:304
03:26:1560
03:12:731
03:29:1767
04:12:770
03:56:3398
05:11:673
03:32:1936
04:15:921
03:43:2622
03:7:447
04:6:373
03:56:3386
03:5:338
03:57:3473
04:15:917
03:53:3193
03:50:3010
03:50:3039
03:19:1197
03:19:1199
04:22:1346
03:12:735
03:42:2562
03:7:454
04:15:949
04:18:1127
03:42:2559
03:52:3140
03:32:1936
03:10:630
03:36:2207
05:10:634
03:32:1950
03:34:2041
05:12:764
02:47:2858
03:32:1976
03:37:2253
05:11:676
03:12:770
02:55:3324
04:16:994
03:34:2095
03:9:576
03:3:195
04:0:21
04:11:695
03:9:584
03:22:1366
04:24:1471
04:27:1625
04:23:1381
03:51:3106
03:13:808
04:27:1626
03:32:1941
03:43:2598
03:34:2089
03:21:1316
03:44:2681
03:12:735
03:43:2593
03:10:651
03:19:1170
04:34:2057
05:31:1877
03:56:3386
02:47:2837
02:40:2420
03:35:2100
03:9:595
04:20:1232
04:13:811
03:35:2100
04:13:795
04:0:19
03:8:502
03:47:2837
03:44:2681
03:9:570
04:13:798
03:9:595
03:42:2559
04:37:2241
03:19:1195
03:33:2016
03:14:893
03:43:2626
04:17:1043
03:10:612
03:43:2622
04:19:1159
03:9:570
03:5:338
03:12:731
03:43:2593
03:53:3193
03:51:3086
03:33:2037
03:48:2881
03:36:2160
03:2:142
03:12:735
03:25:1502
03:9:570
03:32:1976
03:19:1199
02:50:3052
02:50:3059
03:11:672
04:23:1381
02:51:3085
03:24:1478
03:10:609
03:26:1584
03:4:287
04:13:795
03:9:577
03:42:2559
03:20:1252
03:32:1941
04:4:277
03:13:804
03:14:843
05:20:1259
03:34:2094
03:9:585
04:20:1259
05:10:659
04:22:1346
03:46:2799
03:49:2996
03:29:1760
03:12:735
03:50:3010
03:51:3116
03:57:3473
03:32:1976
03:51:3060
04:12:756
03:29:1740
03:54:3290
03:10:651
03:38:2306
03:50:3039
03:39:2349
03:34:2065
04:26:1579
03:25:1502
03:32:1934
03:34:2095
03:5:301
05:21:1261
03:9:571
03:9:570
03:14:843
04:15:956
05:21:1261
03:29:1767
03:39:2349
03:42:2520
04:24:1444
04:19:1170
04:18:1127
03:9:571
03:42:2559
03:22:1366
05:23:1385
03:32:1934
03:19:1197
03:32:1941
05:13:795
04:25:1539
02:59:3548
02:59:3579
03:44:2681
02:51:3079
04:13:807
04:19:1170
02:51:3105
03:3:219
04:13:798
03:34:2087
03:57:3473
04:27:1626
03:32:1934
04:19:1170
04:12:756
03:9:584
03:4:240
04:4:277
03:52:3152
03:39:2349
04:33:2030
03:37:2251
04:19:1170
03:34:2095
03:32:1940
03:27:1668
03:33:2037
03:10:612
04:15:917
03:15:914
03:32:1974
04:0:19
03:12:732
03:9:571
03:32:1974
04:13:816
03:32:1974
03:20:1228
03:35:2145
03:32:1934
05:7:460
04:12:763
03:17:1038
03:15:934
03:38:2326
03:34:2095
03:13:808
03:9:585
03:19:1155
03:33:2037
04:13:798
04:27:1626
03:51:3086
03:42:2545
03:42:2520
03:32:1940
05:13:795
04:27:1626
03:42:2522
03:34:2095
04:28:1712
03:32:1941
03:13:808
03:33:2016
03:35:2100
02:36:2181
03:39:2349
03:34:2041
04:12:756
03:53:3193
03:35:2100
03:44:2681
03:20:1228
04:33:2030
04:12:756
03:16:984
03:9:576
03:10:609
03:32:1941
05:26:1590
03:42:2559
03:12:731
03:25:1544
05:32:1935
03:10:651
04:13:798
03:2:153
04:0:25
03:42:2526
03:14:849
02:57:3435
03:4:269
04:24:1461
03:10:612
03:10:648
03:57:3473
03:38:2306
03:32:1948
04:20:1259
04:13:798
03:12:731
03:32:1941
03:33:2037
03:45:2730
04:13:807
03:2:139
03:4:263
03:14:843
03:10:612
03:2:163
03:19:1162
03:11:672
03:11:672
03:59:3574
03:33:2013
04:19:1192
04:15:910
03:34:2041
03:32:1948
04:29:1772
03:55:3327
03:5:304
03:43:2593
03:19:1175
03:34:2095
02:58:3487
03:33:1995
03:10:609
03:4:268
03:9:597
03:35:2100
04:4:277
04:24:1471
03:44:2685
03:44:2685
03:32:1976
03:9:597
03:48:2934
03:32:1976
02:58:3487
03:20:1228
03:9:570
03:53:3239
03:34:2095
03:39:2361
03:35:2100
04:14:858
03:12:731
04:15:917
04:19:1163
03:9:570
03:16:976
03:54:3290
02:57:3469
03:32:1974
04:20:1259
03:32:1950
03:11:672
03:9:585
03:50:3039
03:26:1562
03:32:1934
03:23:1428
03:33:2037
04:5:325
03:53:3193
03:39:2349
03:16:984
03:50:3033
03:38:2306
03:9:584
03:34:2069
04:14:858
03:27:1651
04:3:213
03:38:2306
04:8:524
04:4:277
03:50:3010
03:10:612
03:10:612
03:32:1934
03:15:941
03:14:887
03:57:3473
03:15:934
03:25:1508
03:9:570
03:3:219
03:7:440
03:32:1960
03:51:3106
03:18:1133
05:20:1259
04:19:1192
04:4:277
03:34:2065
04:13:783
04:13:795
03:34:2095
03:32:1950
03:32:1974
04:20:1259
03:19:1199
03:44:2650
04:14:862
03:33:1995
04:46:2819
04:19:1192
03:50:3039
03:45:2720
03:10:612
03:43:2593
03:32:1941
03:50:3039
03:27:1632
03:35:2100
03:10:651
04:23:1381
03:20:1258
04:42:2531
03:50:3039
03:36:2214
04:13:781
04:13:837
03:32:1974
05:27:1661
03:26:1605
03:12:729
03:40:2459
03:10:612
03:9:552
05:4:283
05:17:1048
03:44:2681
03:19:1143
04:4:277
03:42:2520
04:13:781
03:18:1120
04:15:951
04:15:917
03:41:2468
03:48:2934
03:21:1313
03:32:1974
04:22:1355
03:25:1502
04:13:807
02:50:3052
03:32:1960
02:56:3395
03:9:571
03:21:1285
04:25:1507
03:7:452
03:5:333
03:5:352
05:13:801
04:22:1341
03:32:1948
05:10:634
03:43:2601
03:9:584
03:35:2100
03:9:577
03:10:648
03:10:630
03:32:1976
03:57:3451
04:14:886
03:38:2306
03:59:3554
03:42:2547
03:5:338
03:41:2468
03:30:1808
03:9:584
03:5:301
03:15:941
03:10:651
04:22:1341
03:10:612
04:29:1756
03:19:1157
05:13:795
04:24:1481
03:43:2601
03:34:2095
03:32:1974
03:12:731
03:44:2681
03:36:2207
03:35:2135
03:50:3010
03:53:3193
04:9:556
03:50:3010
05:32:1921
03:43:2593
03:17:1046
04:15:917
03:32:1941
05:23:1385
03:32:1924
04:19:1170
03:32:1948
03:12:765
03:50:3010
04:12:758
03:32:1976
04:23:1414
03:39:2349
03:17:1027
03:19:1157
04:16:994
03:44:2660
03:33:1992
03:16:984
03:9:577
04:15:921
03:56:3386
03:36:2167
04:25:1502
05:21:1261
03:21:1289
02:56:3400
03:19:1169
03:21:1261
04:15:917
04:22:1341
03:50:3010
03:10:612
03:48:2891
03:25:1529
04:22:1348
03:32:1934
03:32:1936
03:4:268
03:9:570
03:34:2095
03:53:3193
04:21:1305
03:32:1961
03:42:2521
04:29:1783
03:17:1046
03:42:2562
03:32:1936
03:51:3086
04:14:890
03:33:2037
03:13:783
03:51:3086
03:56:3386
03:9:595
03:45:2720
03:45:2758
03:14:887
03:11:672
03:14:849
03:11:676
03:53:3193
03:51:3106
03:50:3039
04:25:1502
04:23:1381
03:44:2654
05:13:795
03:42:2526
03:6:417
04:23:1401
03:19:1169
03:42:2527
03:57:3473
04:23:1414
04:7:473
03:9:570
04:4:263
03:43:2622
02:51:3077
03:44:2681
03:32:1976
04:23:1414
03:8:502
02:57:3471
03:32:1934
04:4:277
02:30:1803
04:4:277
05:20:1259
05:21:1292
03:33:2016
02:46:2769
04:29:1756
03:15:941
04:12:756
04:22:1341
03:16:984
03:33:2037
04:18:1127
03:48:2934
03:35:2148
03:42:2559
03:14:849
04:25:1502
03:50:3039
03:42:2529
03:10:625
05:17:1066
03:32:1976
03:9:571
03:38:2298
03:32:1941
03:51:3116
05:20:1259
03:38:2298
03:12:770
03:6:417
03:33:1995
03:32:1934
03:57:3473
04:28:1712
05:20:1233
03:37:2249
04:27:1658
03:32:1974
03:42:2559
03:25:1502
03:40:2411
04:15:917
04:23:1381
04:23:1383
03:54:3290
03:22:1366
03:57:3473
03:7:454
03:42:2559
03:13:802
05:21:1261
03:41:2460
03:42:2535
03:40:2452
02:59:3591
03:38:2298
03:9:576
03:9:570
04:28:1712
04:6:366
04:15:917
04:25:1502
04:13:798
04:8:489
05:13:795
04:25:1539
04:33:2030
03:0:24
04:25:1507
04:40:2436
03:42:2564
03:19:1195
03:20:1220
03:50:3039
04:12:758
03:35:2100
03:11:672
03:43:2601
05:26:1590
04:23:1381
04:6:405
04:13:795
04:18:1120
03:9:595
03:32:1936
03:11:676
03:32:1976
03:1:95
04:12:757
03:5:338
03:25:1540
02:57:3429
03:42:2520
02:55:3353
03:56:3389
03:40:2411
03:19:1169
03:32:1934
03:56:3407
04:12:756
05:40:2417
05:16:1005
03:34:2095
04:27:1626
03:9:571
03:48:2891
04:19:1170
04:4:277
03:32:1940
03:36:2172
03:9:576
05:11:673
03:26:1584
03:33:2013
03:25:1542
04:15:921
02:48:2909
03:25:1544
04:4:277
04:25:1539
03:22:1366
03:9:576
03:32:1974
03:32:1976
03:10:612
04:19:1185
04:13:807
03:12:735
04:15:921
03:37:2251
04:19:1159
02:57:3431
03:14:887
04:13:807
03:32:1976
05:20:1219
04:15:917
03:32:1974
03:12:779
05:50:3006
03:25:1509
03:10:609
03:9:570
04:6:381
03:32:1974
04:13:816
04:22:1346
03:44:2681
04:19:1170
04:33:1999
03:35:2101
05:20:1259
03:32:1941
04:19:1170
03:45:2715
03:50:3039
03:11:672
04:27:1626
04:23:1383
04:18:1127
03:32:1974
03:21:1316
03:37:2228
03:39:2349
03:13:825
04:15:951
04:33:2030
03:50:3039
03:9:577
03:33:1987
03:32:1974
03:33:2016
03:5:301
03:11:672
04:20:1239
02:56:3395
03:26:1562
03:16:984
03:9:576
03:4:268
04:13:798
05:11:712
03:32:1934
04:42:2543
04:56:3419
03:10:651
03:50:3053
03:21:1285
04:12:763
04:20:1259
03:10:612
03:12:731
03:12:770
03:14:857
02:52:3150
03:20:1203
03:7:454
03:35:2125
03:43:2622
03:42:2564
03:9:576
03:10:651
03:10:609
05:20:1219
04:22:1346
03:38:2306
03:45:2758
04:13:795
03:5:338
03:39:2349
03:16:984
03:53:3224
03:42:2559
05:17:1048
03:10:609
03:32:1948
03:35:2100
05:51:3110
03:33:1995
03:53:3193
03:34:2041
03:53:3193
02:58:3536
03:10:609
03:10:620
03:25:1501
03:51:3106
03:38:2306
03:2:177
03:10:609
03:2:151
03:39:2349
03:2:164
05:17:1048
04:13:795
04:4:277
04:12:756
04:22:1346
03:50:3010
04:19:1192
04:13:807
03:44:2650
03:9:570
04:29:1783
03:36:2172
03:48:2934
03:44:2681
03:39:2349
03:32:1934
03:59:3566
03:9:570
05:13:795
04:23:1401
03:11:672
04:21:1293
03:57:3473
03:9:584
04:31:1866
03:44:2681
03:12:731
04:24:1461
03:12:731
04:12:763
03:42:2562
03:43:2622
03:7:427
03:53:3239
03:32:1934
03:11:672
04:11:691
03:19:1155
03:32:1941
03:51:3106
04:15:917
04:25:1502
03:43:2593
04:12:756
03:13:823
03:14:843
04:28:1703
04:18:1127
03:28:1704
03:32:1940
03:32:1976
03:31:1866
04:13:783
03:21:1316
02:45:2734
04:24:1444
03:50:3052
03:20:1258
03:43:2598
03:16:984
03:32:1976
04:26:1579
03:50:3039
04:23:1399
04:37:2233
04:27:1620
03:19:1161
04:18:1127
03:50:3039
02:55:3315
04:23:1423
03:14:843
03:12:731
03:34:2094
04:13:798
04:19:1192
03:38:2298
02:46:2782
03:42:2547
05:11:673
03:10:612
05:10:634
04:13:798
03:12:770
03:9:570
04:1:100
03:50:3010
05:23:1385
04:15:909
02:43:2620
03:33:1995
03:18:1087
04:15:921
03:12:735
03:42:2520
03:34:2065
03:25:1544
04:13:798
04:19:1192
03:42:2562
05:10:634
03:9:577
03:10:609
05:16:1005
03:27:1668
04:8:519
03:53:3193
03:36:2218
04:18:1127
03:30:1819
05:26:1590
03:33:2016
03:25:1544
03:53:3193
03:2:143
03:11:672
03:41:2468
03:18:1119
04:15:917
03:2:151
03:38:2306
04:19:1178
04:5:349
05:22:1322
03:35:2100
03:32:1936
03:48:2881
04:19:1192
03:10:651
03:10:612
03:10:651
05:10:640
03:11:676
03:42:2520
03:44:2660
04:28:1703
04:12:756
04:17:1029
03:34:2095
03:0:11
04:22:1355
03:10:609
04:13:798
03:43:2593
03:3:219
03:20:1228
04:25:1507
03:18:1103
03:37:2249
03:26:1562
03:12:735
02:58:3483
03:42:2534
03:15:941
03:40:2411
03:8:502
03:12:765
04:13:813
03:50:3010
03:12:731
03:37:2251
03:50:3039
03:46:2793
03:50:3039
02:36:2206
04:15:917
03:15:941
03:32:1976
04:19:1163
03:32:1936
03:10:612
04:27:1658
04:20:1232
03:37:2251
03:10:612
04:4:277
03:14:843
03:20:1237
03:53:3235
03:35:2100
03:42:2535
03:23:1439
03:33:1995
03:43:2598
03:18:1087
03:34:2069
03:10:612
04:19:1192
03:12:723
03:33:2016
03:20:1252
03:36:2214
04:12:756
04:19:1163
03:11:676
03:18:1138
03:45:2720
04:24:1471
03:36:2172
03:10:651
05:23:1385
03:9:584
03:33:2013
05:31:1877
03:2:175
04:14:857
03:32:1941
03:34:2095
03:43:2598
04:23:1381
03:12:770
03:20:1228
04:23:1383
04:22:1346
03:12:731
03:20:1257
03:43:2598
04:22:1341
02:48:2893
03:15:941
03:13:808
03:9:577
03:2:137
03:44:2681
03:9:576
04:28:1712
03:39:2349
04:23:1383
04:13:798
03:48:2934
03:50:3039
04:19:1170
04:22:1341
04:6:361
03:18:1103
04:25:1502
05:20:1259
04:15:921
04:23:1381
04:29:1783
03:50:3039
04:19:1163
03:42:2559
03:42:2535
03:42:2526
03:44:2681
03:32:1974
03:32:1934
04:22:1341
03:42:2522
04:22:1346
04:19:1159
04:4:277
03:57:3473
03:12:735
03:32:1976
05:11:712
02:57:3455
02:59:3564
03:42:2527
04:12:756
03:32:1974
03:12:735
03:9:597
03:19:1152
03:34:2095
03:34:2094
03:36:2214
03:26:1562
03:42:2526
04:32:1935
03:35:2127
03:19:1162
03:51:3086
05:17:1048
02:50:3020
03:25:1529
04:1:100
03:53:3193
04:25:1552
03:42:2559
04:22:1341
03:32:1976
04:15:921
03:15:941
05:16:1005
03:42:2535
03:5:303
03:44:2681
03:42:2562
03:9:570
04:19:1185
03:36:2172
04:23:1381
04:20:1226
03:36:2218
03:48:2934
03:9:584
04:34:2057
03:13:808
03:34:2041
03:36:2214
03:40:2411
03:47:2837
03:46:2799
05:11:673
03:54:3245
03:37:2251
03:18:1133
03:35:2100
03:30:1826
03:12:731
03:18:1103
03:9:570
05:23:1380
03:9:597
03:51:3106
03:34:2095
05:22:1326
03:9:576
03:7:454
03:33:2013
03:20:1233
03:42:2520
04:19:1170
04:24:1444
03:37:2251
03:32:1960
03:50:3039
03:10:612
03:2:175
03:17:1064
04:19:1141
03:4:262
03:50:3010
04:29:1756
03:12:731
03:57:3473
03:40:2411
05:10:636
03:50:3010
04:25:1502
04:24:1471
03:51:3106
03:50:3039
03:9:576
03:32:1948
03:12:735
03:32:1941
03:2:137
03:59:3545
04:18:1127
03:42:2577
03:42:2545
03:11:700
04:13:798
04:6:381
03:13:808
03:9:585
03:3:219
04:22:1346
03:9:585
03:56:3386
03:19:1162
04:33:2030
02:56:3395
03:32:1974
04:18:1127
05:16:1005
03:2:177
03:42:2562
03:39:2349
03:19:1155
03:36:2172
04:22:1343
03:10:612
03:6:380
04:15:917
03:57:3473
04:4:277
03:36:2172
04:27:1626
05:23:1380
03:48:2891
02:52:3179
03:32:1948
03:20:1258
03:32:1974
03:43:2601
04:14:890
03:11:676
04:23:1383
03:5:352
03:34:2041
03:31:1914
03:19:1162
03:10:627
04:13:807
03:2:164
04:27:1620
03:38:2306
03:34:2095
04:21:1289
03:42:2520
04:12:756
04:28:1705
03:10:609
02:56:3360
03:33:2016
03:53:3193
03:36:2214
02:58:3484
04:14:886
03:16:984
03:25:1504
04:12:756
03:9:577
03:55:3316
04:19:1192
04:12:756
03:19:1152
03:27:1663
05:17:1048
03:9:570
03:40:2411
04:19:1192
03:15:950
03:51:3106
03:42:2568
04:12:763
04:22:1366
03:10:609
02:58:3511
04:22:1341
03:44:2681
04:33:2030
05:26:1590
03:32:1978
04:25:1502
04:25:1502
03:42:2534
03:10:609
04:16:987
03:53:3193
03:10:627
04:22:1347
03:22:1366
03:32:1934
03:13:795
03:42:2520
03:32:1941
03:36:2166
03:5:301
03:10:648
03:10:609
04:25:1502
04:4:277
03:50:3010
03:35:2100
04:13:798
03:16:969
04:12:758
03:42:2521
03:50:3019
05:23:1385
04:15:921
03:50:3033
04:37:2227
03:56:3386
03:39:2349
04:6:363
04:13:781
03:34:2089
05:11:673
04:20:1259
03:42:2520
02:55:3303
03:44:2650
03:57:3473
03:16:1002
03:35:2145
03:32:1934
03:51:3086
03:9:576
03:42:2559
04:13:795
04:22:1341
03:15:941
03:9:585
03:43:2593
03:25:1502
03:43:2598
04:22:1341
03:23:1393
04:15:917
03:43:2580
03:10:612
03:47:2837
03:32:1924
02:46:2769
04:13:798
04:23:1381
04:13:795
03:11:672
03:26:1605
03:14:848
04:33:2030
04:0:19
03:16:996
03:42:2562
02:54:3283
03:50:3039
04:32:1927
03:42:2526
04:23:1414
03:36:2160
05:17:1048
03:4:262
05:21:1292
03:7:421
03:9:585
03:59:3546
04:22:1346
03:43:2626
03:32:1940
04:13:798
03:53:3193
03:42:2520
04:19:1192
03:10:612
03:16:984
03:32:1950
03:53:3193
03:24:1472
04:25:1507
03:50:3010
03:33:2016
03:22:1355
04:19:1163
03:38:2306
03:10:612
04:21:1305
03:53:3193
04:5:338
03:9:541
03:33:2013
03:45:2730
03:42:2521
03:12:735
03:7:457
03:33:2037
03:44:2681
04:23:1381
05:11:673
05:11:676
03:24:1472
03:43:2580
03:49:2942
03:10:648
03:12:731
03:10:609
03:32:1976
04:0:15
04:26:1607
03:20:1258
04:28:1705
03:50:3023
03:31:1866
02:58:3536
03:47:2837
04:13:816
03:32:1948
04:23:1383
03:39:2349
03:10:609
03:15:941
03:53:3193
03:38:2306
02:40:2447
04:27:1626
03:43:2622
03:9:570
03:9:570
02:56:3367
03:15:953
03:44:2685
05:20:1259
05:11:676
04:25:1539
03:32:1976
03:52:3178
03:7:422
04:18:1127
03:55:3327
03:57:3473
05:20:1259
03:42:2526
03:32:1974
03:33:1995
03:25:1527
03:12:731
03:39:2349
03:12:735
03:10:627
03:36:2207
03:12:735
03:29:1760
03:53:3193
03:15:941
03:12:735
03:9:570
03:32:1976
03:35:2148
03:42:2577
03:32:1950
03:5:303
03:57:3473
04:12:770
03:9:576
04:19:1170
03:43:2593
03:32:1974
03:59:3574
04:4:277
04:18:1127
03:48:2934
04:15:917
02:56:3413
02:57:3471
03:50:3053
03:10:648
03:32:1960
03:50:3006
03:12:731
03:42:2562
05:16:1005
03:15:941
03:36:2172
03:42:2520
03:44:2685
03:33:1995
04:13:813
03:47:2837
03:35:2100
04:22:1341
03:10:612
03:56:3386
03:12:735
03:42:2547
03:28:1689
03:9:570
03:50:3039
03:35:2148
04:20:1259
03:20:1237
03:32:1934
05:20:1219
04:37:2233
03:53:3193
03:34:2095
05:16:1005
03:14:843
03:59:3543
03:42:2545
03:36:2214
05:36:2211
04:25:1502
03:57:3473
03:2:144
03:19:1155
03:49:2961
03:9:571
03:35:2135
03:43:2593
04:20:1259
04:7:474
03:23:1388
04:33:2030
04:33:2030
03:9:570
04:22:1355
03:51:3106
03:42:2520
04:21:1269
03:14:843
03:32:1934
03:40:2411
03:51:3116
03:53:3193
03:42:2526
03:10:612
04:24:1471
03:13:808
03:43:2598
04:22:1346
04:25:1502
04:15:921
03:50:3039
03:2:179
03:14:888
03:33:1995
04:12:756
04:12:770
03:2:144
03:37:2249
03:19:1164
05:27:1661
04:15:921
04:15:921
03:14:841
03:42:2564
03:35:2100
03:29:1781
05:13:800
03:35:2135
04:13:837
05:17:1048
04:20:1232
03:35:2100
03:35:2129
03:42:2522
03:49:2961
03:34:2095
04:19:1163
03:12:731
03:9:576
02:52:3127
04:27:1626
03:12:762
05:20:1259
03:32:1948
03:4:244
03:17:1046
03:19:1155
04:22:1348
04:13:795
03:33:2016
02:59:3591
03:43:2601
03:36:2160
03:19:1195
03:42:2562
03:51:3106
03:46:2799
04:23:1381
03:4:262
03:45:2720
04:15:921
05:19:1159
04:29:1783
03:24:1472
03:57:3473
04:23:1381
05:13:800
04:24:1448
03:33:2016
03:44:2681
03:34:2095
03:11:672
03:13:808
02:45:2755
03:32:1974
04:13:798
04:18:1127
03:26:1609
03:46:2799
03:43:2598
03:18:1124
04:12:756
03:44:2681
03:14:841
05:20:1246
03:12:735
03:10:609
04:20:1259
03:57:3473
03:21:1285
03:10:612
03:44:2650
03:33:2037
03:39:2349
03:47:2837
03:19:1197
03:43:2580
03:43:2598
02:57:3443
03:10:612
03:32:1974
03:40:2411
03:36:2214
03:39:2349
03:39:2349
03:50:3052
03:32:1941
02:56:3360
03:32:1941
04:13:798
03:50:3010
02:54:3283
03:34:2095
02:59:3553
03:44:2681
03:42:2535
03:26:1597
04:14:886
04:12:756
03:32:1934
03:33:2016
03:50:3039
02:52:3179
02:56:3380
03:22:1321
03:32:1940
03:6:394
03:13:808
03:33:2013
03:50:3023
04:18:1127
03:9:585
03:44:2685
03:57:3473
04:5:349
03:30:1826
03:38:2298
04:23:1381
03:15:941
03:39:2349
03:9:541
03:46:2793
03:51:3116
03:35:2100
03:2:144
04:20:1230
03:50:3006
04:22:1341
03:2:164
04:24:1480
05:20:1259
03:46:2799
03:49:2942
03:23:1428
03:43:2601
03:9:552
04:25:1507
03:10:609
04:37:2233
04:23:1381
04:25:1502
03:4:294
03:50:3010
04:19:1192
04:13:795
03:59:3581
03:1:67
03:5:304
04:13:795
04:13:795
03:31:1873
03:10:651
03:12:731
03:32:1976
03:32:1948
04:13:798
03:32:1976
02:56:3380
02:34:2043
03:42:2527
04:2:121
03:11:672
03:29:1740
03:21:1316
03:9:577
03:37:2251
04:4:277
04:25:1502
03:39:2356
03:10:614
03:18:1103
04:27:1626
03:41:2509
03:9:595
05:26:1590
02:57:3431
03:56:3386
03:33:2016
03:15:934
03:12:731
03:21:1283
04:20:1259
04:26:1607
04:13:795
03:35:2135
03:38:2298
03:9:550
04:15:917
04:37:2233
04:7:474
03:9:570
04:13:813
04:13:783
03:9:584
04:12:770
02:42:2526
04:25:1507
04:23:1383
03:10:609
03:32:1976
04:27:1626
04:17:1073
03:15:941
03:50:3010
04:17:1073
03:39:2356
03:19:1161
03:34:2095
03:48:2891
04:14:886
04:13:795
03:35:2100
05:20:1259
03:32:1950
03:2:139
03:19:1195
03:35:2100
04:14:858
03:44:2685
03:42:2564
03:34:2041
04:23:1414
04:6:363
03:32:1934
04:19:1170
03:52:3132
03:51:3106
03:16:992
05:21:1292
03:42:2562
03:29:1760
03:10:612
03:32:1976
04:12:756
03:37:2251
03:44:2685
03:26:1562
04:15:921
04:4:277
03:32:1976
04:10:640
03:51:3106
03:42:2520
03:34:2095
03:44:2681
03:32:1941
03:10:612
03:18:1119
03:35:2100
04:21:1293
03:56:3386
03:36:2172
03:50:3053
03:32:1936
03:43:2622
03:9:585
04:12:756
03:27:1632
03:19:1197
03:33:2013
03:32:1948
03:42:2562
02:45:2724
03:28:1702
03:45:2730
03:40:2411
05:21:1292
03:15:941
03:2:179
03:33:2016
04:3:213
02:41:2507
04:26:1579
03:8:502
04:20:1259
04:14:886
04:28:1712
03:51:3060
03:10:612
03:15:941
04:19:1163
03:10:648
04:26:1579
03:4:298
03:45:2752
03:34:2074
03:50:3039
03:43:2593
04:22:1341
04:15:917
03:18:1120
04:19:1170
05:26:1583
03:12:735
03:35:2100
03:22:1366
03:0:44
03:26:1562
03:6:370
03:9:584
04:23:1381
05:20:1221
03:19:1156
04:8:489
03:11:700
02:56:3413
03:50:3010
04:21:1293
04:19:1170
05:31:1877
04:31:1866
03:36:2207
03:32:1976
03:42:2526
03:15:934
03:12:765
03:50:3010
03:50:3010
03:5:303
03:12:731
03:43:2601
03:32:1974
03:32:1948
04:23:1381
03:9:585
04:25:1502
03:42:2559
03:9:570
03:43:2593
03:32:1974
03:26:1581
04:28:1705
04:10:610
03:55:3346
03:32:1976
05:27:1634
05:21:1292
04:13:795
03:50:3010
03:9:576
03:49:2961
03:4:298
04:6:373
04:15:917
03:36:2214
03:9:576
04:13:834
03:51:3106
04:19:1170
03:36:2214
03:10:627
03:50:3010
05:11:676
03:9:576
03:32:1961
04:20:1259
03:42:2559
03:27:1637
03:10:609
03:15:941
04:21:1281
04:19:1192
03:12:765
03:33:2037
03:42:2527
03:50:3010
03:25:1540
03:43:2622
03:44:2654
03:14:887
03:14:887
03:44:2681
03:32:1941
04:23:1383
04:15:917
03:18:1103
03:10:612
03:9:576
02:51:3087
03:42:2534
03:9:576
03:53:3193
03:19:1195
04:11:665
04:23:1381
03:21:1283
04:12:763
03:32:1974
03:45:2758
03:40:2403
04:42:2560
04:13:783
03:3:200
04:11:688
03:32:1974
04:12:756
04:25:1507
03:15:933
03:57:3473
03:34:2041
02:50:3030
04:15:921
03:25:1509
03:32:1948
03:13:808
03:2:151
04:19:1170
03:21:1285
03:42:2520
03:9:570
05:11:673
03:42:2527
04:22:1341
04:19:1170
03:32:1974
03:25:1518
03:13:825
03:10:609
03:7:423
04:25:1502
03:19:1162
03:32:1974
05:31:1877
03:12:735
03:12:731
03:16:984
03:32:1974
03:53:3193
03:44:2681
04:33:2030
03:32:1976
03:49:2961
05:11:676
04:23:1383
03:10:648
03:10:648
04:22:1346
04:12:771
03:52:3152
03:33:1995
03:10:612
03:43:2626
04:22:1355
04:13:798
03:46:2793
03:11:676
03:42:2562
03:53:3193
03:43:2598
03:24:1482
04:29:1783
03:50:3006
03:2:139
04:24:1471
03:49:2996
03:53:3193
03:42:2520
04:6:384
03:10:609
03:46:2804
03:2:144
03:42:2577
04:19:1192
03:2:163
03:35:2129
04:19:1165
03:25:1509
03:9:595
04:20:1259
03:10:612
03:9:570
02:57:3431
02:51:3087
03:51:3106
04:28:1712
03:43:2593
04:15:928
03:26:1597
03:16:992
03:18:1124
03:19:1169
03:43:2598
03:12:735
03:50:3033
03:32:1950
04:4:277
03:11:672
03:12:776
03:29:1745
04:12:763
04:22:1346
03:15:941
04:23:1383
04:15:921
03:57:3473
05:27:1634
04:13:798
03:20:1211
03:9:571
03:15:941
03:7:454
03:25:1504
04:22:1341
03:32:1934
05:21:1261
03:44:2685
04:38:2288
04:23:1383
03:9:570
04:20:1259
04:20:1213
03:14:888
03:16:984
03:32:1974
03:11:676
03:53:3193
03:32:1934
03:44:2685
03:35:2100
03:50:3023
03:10:612
03:12:735
03:32:1924
03:11:676
03:45:2730
03:59:3581
03:39:2349
04:15:917
05:1:67
04:0:15
03:32:1934
04:13:795
03:55:3331
04:37:2241
03:42:2527
03:4:268
03:32:1974
03:10:648
03:19:1145
03:39:2349
03:51:3106
03:10:609
03:16:984
05:11:676
03:32:1976
03:9:570
04:22:1341
04:4:277
04:19:1192
04:13:807
03:32:1936
02:52:3174
04:13:807
03:5:301
04:25:1507
03:32:1974
04:24:1444
05:10:634
04:14:890
04:5:323
04:28:1705
04:12:746
03:9:576
03:6:415
03:46:2799
03:33:2016
03:50:3006
03:53:3193
04:12:762
03:14:849
03:9:584
03:38:2306
02:58:3519
03:10:609
03:34:2095
03:35:2148
03:32:1934
03:32:1934
03:32:1936
03:26:1560
05:17:1056
04:25:1507
03:11:672
03:15:941
03:42:2535
03:32:1934
05:27:1634
04:5:303
03:14:843
03:17:1066
03:33:2037
03:9:584
03:32:1974
03:42:2520
05:11:673
04:29:1783
04:14:858
03:2:179
03:42:2526
03:17:1038
03:36:2207
03:22:1366
03:25:1504
04:33:1999
04:27:1626
03:18:1118
03:11:672
04:12:756
04:13:798
03:43:2598
05:27:1661
03:2:146
03:57:3473
03:36:2214
03:13:802
03:42:2520
03:9:570
03:16:984
03:42:2577
04:12:756
04:12:756
03:14:849
03:50:3039
03:17:1060
03:35:2135
03:45:2758
03:34:2095
04:23:1383
03:21:1261
03:2:144
03:1:103
03:20:1218
05:13:827
03:50:3039
03:19:1155
04:14:858
04:29:1756
03:50:3039
03:9:577
02:55:3336
03:33:2037
03:32:1976
03:42:2535
04:14:886
03:53:3217
04:13:795
03:10:609
04:24:1461
03:51:3106
05:15:951
02:50:3058
03:48:2884
03:32:1936
03:14:893
03:19:1195
03:10:609
03:9:584
05:11:676
03:57:3473
03:35:2100
03:10:651
03:36:2172
03:16:961
03:11:672
05:13:800
03:32:1934
04:32:1953
03:35:2100
03:45:2752
03:50:3039
03:32:1976
03:43:2622
04:15:916
03:42:2545
04:13:795
03:12:735
04:23:1381
03:27:1632
03:10:609
04:39:2368
05:13:795
03:26:1584
04:13:807
03:32:1936
03:26:1562
03:32:1976
03:42:2547
04:14:886
04:22:1346
03:32:1974
04:19:1163
03:32:1941
04:21:1281
03:7:423
03:26:1570
03:43:2593
03:42:2526
03:35:2100
05:17:1048
03:57:3473
04:15:917
04:12:756
04:9:550
03:34:2041
04:24:1461
03:36:2218
05:11:673
03:42:2534
03:48:2934
04:8:489
02:45:2715
03:42:2534
04:25:1502
03:53:3193
03:10:609
03:25:1544
02:55:3347
03:50:3039
03:50:3010
03:12:770
03:9:584
03:57:3473
04:13:795
03:7:472
03:43:2598
03:44:2660
03:32:1940
04:18:1127
03:53:3193
04:13:795
03:12:735
03:10:612
04:15:917
04:25:1539
03:32:1934
02:41:2501
04:22:1343
03:37:2222
04:22:1341
02:36:2209
03:32:1948
03:35:2100
03:24:1472
03:9:584
02:55:3353
02:42:2522
04:18:1127
03:35:2113
03:5:338
03:39:2349
03:32:1941
04:23:1426
03:42:2534
03:42:2520
03:10:651
04:12:756
03:9:576
03:29:1775
03:10:651
03:51:3106
03:5:303
03:53:3193
04:24:1443
03:27:1663
04:19:1192
03:46:2804
03:43:2593
04:14:886
03:36:2207
03:13:808
04:25:1507
04:16:991
03:33:2016
03:50:3012
03:10:609
05:10:634
03:32:1974
04:15:917
04:22:1341
03:39:2356
03:7:462
03:44:2681
03:32:1976
03:27:1668
03:43:2598
03:25:1519
04:23:1414
04:18:1127
03:35:2100
03:9:571
04:15:917
03:34:2069
05:17:1048
03:16:984
03:19:1197
03:25:1518
03:9:576
04:14:858
03:32:1934
04:24:1443
02:51:3099
04:2:139
04:5:323
04:20:1226
03:57:3473
03:49:2996
03:12:770
03:37:2253
03:32:1934
05:11:676
03:32:1974
03:2:177
03:16:967
03:22:1356
03:29:1740
03:35:2100
03:49:2961
04:25:1539
03:34:2095
03:33:2016
03:47:2837
03:57:3473
05:21:1261
05:10:634
04:17:1049
03:42:2534
03:32:1934
03:44:2681
03:38:2306
03:16:984
03:41:2468
03:8:502
03:53:3193
03:10:609
03:9:570
05:10:634
03:10:609
03:15:942
03:40:2403
03:43:2622
04:12:756
03:2:133
03:50:3039
03:35:2125
03:50:3006
03:39:2349
03:12:731
03:9:584
04:16:994
03:53:3193
03:7:429
03:10:648
03:12:731
04:22:1346
03:29:1763
04:33:2030
03:17:1046
04:33:2030
03:2:146
04:27:1658
03:42:2577
03:11:676
03:42:2559
03:42:2521
04:25:1539
03:9:570
04:20:1259
03:32:1934
03:32:1941
03:32:1950
03:51:3086
03:50:3039
03:19:1170
03:35:2145
03:0:26
03:32:1960
03:32:1974
04:15:921
04:24:1443
03:35:2100
03:59:3543
03:18:1103
03:32:1950
03:10:651
03:38:2306
04:19:1170
03:25:1504
03:44:2681
03:27:1637
03:26:1615
03:42:2559
03:18:1120
03:35:2100
03:42:2529
03:51:3086
03:3:198
02:56:3395
04:24:1461
04:15:921
04:10:654
03:42:2577
03:8:534
04:22:1356
05:9:573
04:12:756
03:39:2349
03:51:3106
03:11:672
05:23:1385
03:33:1995
04:19:1170
03:16:984
03:34:2095
03:15:941
03:25:1527
04:15:921
03:50:3039
03:5:301
03:9:576
04:24:1471
03:42:2559
03:9:576
04:25:1502
04:13:795
03:35:2100
02:50:3047
04:3:212
03:2:175
03:14:843
02:59:3564
03:32:1974
03:12:765
03:3:216
04:37:2233
03:10:612
03:38:2298
03:11:676
03:41:2468
03:9:584
02:55:3353
03:19:1161
03:9:577
03:11:689
03:38:2306
05:35:2111
02:57:3445
03:42:2520
03:10:612
03:25:1516
03:10:612
03:32:1950
03:19:1195
04:22:1350
04:23:1414
03:7:461
02:50:3043
03:10:612
05:21:1261
03:50:3010
03:19:1197
03:35:2100
03:32:1974
03:40:2403
04:15:911
03:38:2298
03:9:577
03:9:570
03:53:3193
03:9:571
03:35:2103
03:26:1562
04:13:798
04:18:1127
04:24:1461
04:22:1341
03:50:3010
03:23:1393
03:43:2626
03:32:1934
03:10:609
03:38:2298
03:43:2622
03:33:2016
03:41:2460
03:26:1597
03:14:843
03:3:198
04:53:3214
04:20:1259
03:10:612
04:15:917
03:19:1179
03:40:2411
03:19:1197
03:50:3006
04:1:100
04:12:763
03:23:1439
03:29:1740
03:24:1472
03:13:808
03:23:1439
03:52:3178
03:10:609
05:13:787
03:32:1936
02:39:2379
04:15:917
03:59:3540
03:4:244
03:15:941
04:4:277
04:21:1269
03:23:1439
03:34:2095
03:40:2411
03:39:2349
03:18:1120
02:39:2368
03:14:849
03:6:364
03:8:509
03:32:1974
02:42:2554
04:33:2030
03:49:2961
03:14:887
03:9:570
03:10:609
03:35:2113
03:47:2837
03:43:2601
03:34:2095
03:6:375
03:50:3053
03:33:2036
03:16:961
05:4:262
03:51:3086
03:9:570
03:36:2172
03:50:3010
03:10:609
04:10:603
03:42:2559
04:20:1259
03:39:2349
02:47:2858
03:43:2622
04:12:738
03:32:1974
03:19:1155
03:12:765
03:8:502
03:34:2095
04:25:1502
04:15:917
04:15:917
04:13:795
02:58:3511
04:22:1346
04:12:756
03:50:3006
03:32:1974
03:32:1976
03:25:1507
03:44:2660
04:29:1756
03:35:2100
03:57:3473
03:32:1934
03:39:2349
03:32:1936
03:40:2452
02:51:3098
03:15:941
03:21:1261
03:9:570
03:10:612
03:10:627
03:12:731
03:57:3473
03:32:1974
04:33:2030
03:19:1155
03:19:1169
03:38:2306
04:15:921
03:32:1978
03:10:630
03:27:1663
03:9:570
05:21:1261
04:22:1368
03:35:2100
03:15:941
03:2:151
04:22:1341
03:36:2167
04:28:1712
03:9:570
04:12:756
03:43:2598
04:42:2531
03:35:2129
04:37:2233
04:12:756
03:9:584
04:14:886
02:58:3487
03:42:2559
04:19:1159
03:33:1995
02:45:2710
03:44:2681
03:3:200
04:9:580
03:26:1609
04:15:921
04:29:1756
04:13:807
03:7:467
02:45:2724
03:32:1940
04:20:1259
03:9:571
04:33:1999
04:22:1346
04:22:1356
03:38:2306
04:23:1381
03:9:577
03:9:576
03:32:1936
03:32:1936
04:25:1502
03:12:731
03:26:1562
03:36:2172
03:32:1941
03:19:1195
04:15:921
03:7:440
03:25:1504
03:10:609
03:27:1663
03:39:2349
05:11:676
03:9:570
03:32:1974
03:38:2306
03:42:2527
04:16:988
03:2:139
04:25:1539
03:42:2527
03:50:3010
04:28:1712
03:42:2520
04:20:1259
03:49:2961
03:9:597
04:15:917
03:32:1976
02:35:2102
02:54:3245
04:29:1747
04:22:1366
03:51:3106
03:41:2468
03:9:570
03:58:3512
04:23:1383
02:52:3175
03:16:984
03:11:672
04:15:917
05:11:676
04:12:756
03:9:577
03:1:104
03:42:2526
04:28:1712
03:51:3116
03:42:2547
04:13:798
03:11:676
03:32:1934
03:32:1950
03:40:2411
03:10:648
04:33:1999
04:13:807
04:23:1414
04:23:1381
03:21:1295
03:52:3152
03:57:3473
03:48:2934
03:57:3473
03:25:1504
04:23:1383
03:9:577
03:35:2100
03:9:570
04:15:921
03:15:941
03:34:2095
03:21:1283
04:12:746
03:50:3010
05:13:800
03:10:635
04:23:1383
03:12:770
04:28:1712
04:14:849
04:18:1119
03:32:1934
03:29:1789
03:11:672
03:11:672
05:20:1219
04:18:1127
03:10:612
02:57:3443
03:50:3039
03:50:3039
04:23:1383
03:30:1826
02:33:1986
04:19:1192
03:26:1570
04:22:1346
03:43:2593
02:55:3301
03:14:849
04:13:807
04:15:921
04:24:1471
05:11:676
03:42:2562
03:19:1162
03:9:584
03:17:1046
04:13:798
03:25:1526
04:19:1178
03:33:1995
03:14:884
03:2:139
02:41:2489
03:42:2562
04:19:1192
02:50:3023
03:14:843
03:10:651
03:42:2559
02:58:3487
05:26:1581
04:22:1346
04:11:688
04:2:139
03:9:576
03:10:614
03:47:2837
03:50:3010
03:32:1976
03:35:2129
03:11:674
03:41:2460
03:21:1318
03:42:2559
03:9:570
03:32:1950
03:57:3473
03:13:808
04:25:1507
03:53:3193
05:14:893
03:32:1976
03:2:163
03:14:843
03:44:2681
03:33:2037
04:25:1539
04:10:603
03:44:2681
04:17:1039
03:39:2349
03:32:1936
04:25:1502
04:18:1127
03:19:1161
04:23:1381
03:50:3039
03:36:2207
03:32:1941
03:9:584
03:12:731
03:9:571
03:44:2681
03:9:584
03:2:179
03:23:1439
02:57:3435
03:51:3106
03:32:1974
05:23:1380
03:32:1934
03:19:1140
03:56:3386
03:10:609
04:13:795
03:43:2598
03:38:2306
04:13:798
03:2:144
03:45:2758
04:13:795
04:27:1626
03:21:1285
04:22:1348
04:25:1507
03:24:1448
03:44:2681
03:28:1718
03:15:933
03:23:1439
04:19:1170
04:3:213
03:26:1562
04:23:1383
03:10:612
03:21:1316
02:58:3483
04:17:1073
03:23:1393
03:14:893
05:3:217
03:53:3193
03:10:612
03:32:1941
03:39:2349
03:11:672
03:4:240
04:13:811
02:55:3354
03:19:1157
04:22:1347
03:44:2685
03:28:1702
03:38:2306
03:12:731
04:23:1392
03:41:2468
03:53:3235
04:14:886
03:53:3193
04:20:1259
04:20:1259
03:32:1934
03:51:3106
03:32:1934
03:22:1366
03:34:2065
03:48:2934
04:29:1772
03:19:1196
04:6:415
03:14:849
04:22:1346
03:12:731
03:50:3052
04:29:1756
03:4:262
03:10:609
03:20:1258
03:17:1046
04:15:917
04:13:798
03:51:3086
04:24:1461
03:9:577
03:34:2041
03:22:1366
03:25:1518
03:32:1960
03:50:3039
03:33:2036
04:29:1783
04:13:795
03:36:2214
03:12:735
03:34:2095
03:34:2095
03:32:1934
03:50:3039
03:55:3327
04:22:1341
03:12:735
05:16:1005
03:36:2172
04:18:1127
03:12:731
03:9:571
04:12:771
04:23:1383
04:37:2233
04:15:917
04:5:323
03:25:1518
03:10:612
03:32:1974
03:32:1974
02:59:3553
03:2:144
03:32:1976
04:15:917
03:21:1316
03:29:1740
04:24:1476
04:13:807
03:19:1195
03:57:3473
03:48:2891
03:9:585
03:57:3473
03:9:584
03:12:735
03:32:1950
03:23:1428
02:55:3353
03:20:1237
03:15:941
03:4:268
03:44:2681
04:4:277
03:10:609
03:50:3010
03:50:3010
03:51:3106
04:20:1259
03:29:1740
03:33:2016
03:37:2258
04:12:756
03:32:1940
03:2:139
03:32:1934
03:18:1133
03:9:585
03:37:2249
03:9:576
02:51:3105
03:42:2527
04:4:277
04:22:1341
03:43:2580
03:58:3512
03:12:731
03:18:1133
03:14:887
03:10:612
04:17:1035
05:31:1877
03:9:580
02:52:3132
05:21:1292
03:32:1934
03:28:1730
04:20:1239
03:33:1995
03:9:577
04:20:1259
03:50:3023
03:25:1518
03:4:287
04:21:1305
03:32:1934
05:21:1261
03:32:1934
03:14:843
03:9:570
04:6:384
03:1:67
03:42:2577
02:51:3105
04:29:1756
04:25:1507
03:19:1169
03:12:731
03:50:3039
03:51:3106
03:34:2094
03:30:1826
04:1:99
03:45:2758
03:12:735
03:42:2559
04:28:1705
03:43:2601
03:42:2520
03:50:3053
03:14:887
03:42:2562
03:42:2526
04:25:1502
03:10:609
04:13:795
03:41:2509
03:38:2306
03:9:576
03:26:1570
04:12:756
03:44:2681
03:50:3010
03:3:219
03:14:887
03:6:375
03:50:3010
03:7:452
04:1:73
03:48:2934
04:16:982
03:11:676
03:53:3193
03:11:672
03:51:3106
02:52:3179
04:15:921
03:34:2065
03:24:1489
03:9:570
04:13:795
02:57:3455
04:23:1414
03:19:1155
03:22:1366
03:33:2013
03:42:2562
04:13:798
03:25:1527
04:29:1756
03:57:3473
03:50:3053
02:58:3490
04:18:1127
03:21:1316
03:10:609
03:13:808
03:34:2069
03:9:570
03:42:2526
03:10:627
03:36:2172
03:19:1195
03:15:941
05:10:634
03:20:1237
03:18:1124
05:26:1590
04:25:1539
03:14:884
03:2:139
04:21:1273
03:10:612
03:32:1974
03:27:1668
03:53:3193
03:4:240
04:12:756
03:35:2100
04:15:909
03:32:1974
03:50:3039
03:34:2095
03:21:1316
04:23:1381
03:34:2095
04:14:886
03:42:2562
03:43:2593
03:5:301
02:41:2489
03:23:1393
03:42:2562
04:22:1346
03:19:1161
04:25:1507
04:17:1039
03:32:1934
02:57:3471
03:13:808
03:27:1668
03:34:2095
02:57:3456
04:4:277
04:20:1259
03:5:338
03:35:2145
05:16:1005
04:23:1423
03:33:2016
04:29:1772
03:28:1728
03:28:1702
04:13:783
03:34:2095
03:15:934
03:12:748
04:35:2137
04:25:1502
03:33:2016
03:53:3193
05:29:1744
03:9:584
04:32:1927
03:12:770
02:54:3240
03:56:3412
04:18:1127
04:22:1341
03:33:2016
04:23:1399
03:24:1495
04:58:3499
03:48:2934
03:12:770
05:4:244
03:50:3010
03:35:2100
03:35:2115
03:2:179
05:20:1219
03:26:1597
03:51:3106
03:32:1974
04:16:1012
03:42:2534
03:22:1373
03:10:609
03:53:3193
03:52:3140
03:12:731
03:5:338
05:11:694
03:33:2016
03:12:735
03:51:3106
03:51:3106
04:24:1444
03:37:2251
03:43:2626
03:16:992
03:33:2037
03:9:576
04:26:1560
03:33:2037
05:13:800
03:32:1974
03:10:612
03:56:3407
02:35:2147
03:52:3140
03:43:2580
03:38:2306
03:16:984
04:17:1079
03:50:3010
03:39:2349
03:9:570
03:48:2934
03:50:3010
03:19:1155
04:13:813
03:32:1976
04:13:837
03:4:287
04:33:2030
04:20:1213
03:7:427
04:15:917
03:33:1992
03:2:165
03:38:2298
03:13:788
04:20:1259
04:24:1444
03:10:612
03:5:333
03:50:3010
03:44:2681
04:12:756
03:32:1936
04:28:1704
04:25:1507
03:3:216
03:2:153
03:39:2372
03:55:3327
04:18:1109
04:7:426
05:20:1219
05:23:1385
03:18:1119
04:27:1626
04:27:1634
04:12:762
03:34:2087
04:15:921
03:11:700
03:56:3386
03:43:2580
03:19:1170
03:32:1934
03:15:948
05:25:1512
03:10:648
03:43:2580
02:50:3018
03:50:3039
03:50:3052
04:42:2543
03:36:2214
03:42:2520
03:33:2037
03:5:301
03:13:801
03:46:2799
03:32:1934
03:15:923
03:34:2094
03:9:584
03:59:3541
03:53:3193
03:10:630
03:35:2100
03:16:984
03:41:2468
03:25:1504
03:9:570
03:6:375
03:55:3316
03:57:3473
03:32:1974
03:9:576
04:15:921
03:34:2095
03:52:3178
03:14:843
04:8:524
03:53:3193
03:11:672
05:21:1301
03:43:2598
04:19:1163
04:19:1192
03:35:2100
04:4:277
03:35:2147
03:10:612
03:22:1373
03:39:2349
03:11:672
03:24:1441
03:32:1936
04:13:798
03:14:843
05:27:1661
03:10:612
03:51:3106
03:42:2526
02:56:3367
04:23:1383
04:23:1381
03:39:2349
02:57:3471
03:51:3106
02:55:3354
03:11:672
03:32:1941
04:13:795
04:15:951
04:53:3232
04:20:1259
03:38:2306
03:53:3193
04:19:1163
04:12:763
04:19:1170
03:9:570
03:32:1976
03:50:3006
03:33:2037
04:19:1178
04:29:1756
03:42:2534
03:15:918
03:11:700
04:22:1346
03:2:179
03:10:651
03:44:2660
03:12:735
04:13:795
04:19:1163
03:43:2593
03:10:612
03:28:1735
03:8:509
04:22:1341
03:18:1103
03:32:1934
04:22:1377
04:12:758
04:15:917
03:19:1178
04:18:1127
03:12:770
03:33:2037
03:50:3010
03:51:3086
03:7:424
05:11:676
03:2:151
03:45:2758
03:28:1712
03:9:577
03:42:2559
03:32:1936
04:28:1712
03:36:2160
03:42:2559
04:23:1399
03:9:571
04:24:1471
04:23:1399
04:18:1127
03:1:67
02:50:3022
04:10:627
03:44:2681
03:12:731
03:39:2349
04:27:1620
03:9:570
04:19:1192
04:25:1502
04:29:1756
02:52:3179
03:8:502
03:53:3193
05:11:676
03:20:1256
03:56:3407
03:44:2681
03:28:1735
03:9:595
03:32:1960
03:32:1940
03:42:2535
03:2:177
03:53:3193
03:2:164
03:37:2251
04:19:1163
03:53:3193
02:57:3429
03:50:3010
03:50:3010
03:3:200
03:36:2214
03:9:570
03:10:609
03:32:1934
05:8:481
03:43:2593
03:14:887
03:10:609
03:36:2214
03:33:2037
03:16:984
03:38:2306
03:42:2559
04:8:524
03:18:1125
03:8:506
03:42:2547
04:13:807
04:33:2030
03:22:1366
02:42:2526
03:9:585
03:32:1976
04:12:756
03:50:3006
03:29:1781
03:15:941
03:9:576
04:19:1170
03:53:3193
03:18:1087
03:32:1941
03:33:2037
03:16:984
03:10:612
03:50:3010
05:10:634
04:25:1507
04:23:1414
03:12:735
04:15:921
04:27:1626
04:13:798
04:29:1783
03:51:3106
03:53:3193
03:32:1934
03:46:2804
03:32:1978
03:36:2207
03:37:2228
04:5:349
03:10:648
03:32:1950
04:42:2531
03:10:609
03:11:676
03:10:609
03:9:585
03:43:2626
04:12:756
03:51:3106
03:2:144
03:32:1936
03:52:3178
03:43:2622
04:23:1414
04:24:1494
03:4:240
04:23:1381
04:13:798
03:0:30
03:9:570
05:11:673
03:9:577
03:41:2468
03:18:1119
05:10:634
03:42:2562
04:28:1712
03:25:1509
03:45:2720
03:32:1974
03:32:1936
03:11:672
02:50:3051
04:28:1712
03:38:2306
04:18:1127
04:13:798
03:56:3386
03:47:2837
02:50:3011
03:36:2207
03:10:651
03:39:2349
03:10:651
03:32:1936
03:15:941
03:2:137
03:25:1527
03:46:2793
03:46:2813
05:27:1634
03:43:2626
03:47:2837
02:52:3127
03:42:2520
03:35:2100
04:15:917
03:32:1934
03:32:1976
03:10:651
03:40:2411
03:34:2095
03:2:177
03:15:933
05:11:676
02:52:3145
03:50:3010
04:33:2030
02:44:2652
03:36:2172
04:15:921
04:18:1127
04:24:1448
03:42:2520
04:29:1783
03:51:3106
03:42:2520
03:37:2251
03:31:1873
03:56:3386
02:50:3043
03:45:2720
04:20:1239
03:37:2251
03:11:704
03:44:2681
03:51:3106
03:9:577
02:53:3216
03:14:893
03:25:1502
03:32:1976
03:32:1960
04:15:918
03:10:612
03:44:2681
04:16:994
02:57:3471
03:9:577
05:3:227
03:9:571
03:32:1936
03:12:731
03:50:3052
04:33:2030
03:30:1826
04:29:1756
03:2:175
03:51:3116
03:32:1940
03:9:595
03:14:887
03:9:597
04:19:1163
04:31:1866
02:57:3435
03:38:2306
03:12:723
03:51:3106
03:49:2961
03:14:849
03:9:576
03:32:1950
04:20:1232
04:19:1178
03:9:577
03:53:3204
03:15:941
04:16:966
03:9:570
03:43:2622
04:19:1170
03:13:804
04:18:1127
04:7:454
03:9:570
04:27:1626
03:32:1941
03:2:143
04:22:1346
03:30:1843
03:2:139
03:32:1941
03:39:2349
03:32:1934
03:5:303
03:32:1934
03:25:1542
03:42:2559
03:57:3473
03:12:731
03:9:570
03:32:1940
03:9:570
04:15:951
03:30:1857
05:30:1805
03:32:1976
03:14:863
03:9:585
04:37:2233
03:37:2251
03:7:461
03:10:627
03:47:2870
03:10:609
03:18:1095
03:48:2934
03:43:2593
03:9:577
05:27:1661
03:49:2942
05:26:1590
03:42:2545
02:50:3018
03:2:164
03:10:651
03:32:1950
04:13:834
03:42:2520
03:32:1976
03:3:198
04:23:1381
03:32:1936
03:35:2100
03:43:2580
03:55:3316
03:10:609
03:34:2095
05:28:1687
03:34:2095
03:28:1710
03:32:1976
03:10:651
03:56:3386
04:14:858
03:13:821
03:12:731
03:12:731
03:42:2562
04:19:1170
03:37:2253
02:56:3360
02:56:3367
04:12:756
03:16:984
03:50:3039
03:53:3193
03:13:808
03:10:651
03:6:410
04:1:105
03:50:3010
05:21:1261
04:23:1414
03:32:1934
04:5:349
04:22:1346
04:15:921
03:7:440
05:26:1590
03:9:577
03:44:2681
03:42:2535
03:57:3473
03:10:612
03:38:2306
03:11:700
03:42:2522
03:13:796
03:14:849
04:4:277
03:34:2095
03:22:1375
03:45:2730
05:26:1590
02:35:2111
04:23:1401
04:18:1127
03:44:2650
03:34:2095
04:3:186
03:25:1516
03:9:577
03:52:3178
03:50:3045
04:19:1176
04:21:1305
04:29:1756
03:19:1170
03:32:1960
03:9:585
03:9:585
03:12:765
03:4:244
03:37:2251
03:32:1934
03:42:2527
04:28:1712
05:27:1634
03:51:3106
05:21:1279
04:25:1539
03:9:576
05:11:687
03:32:1961
02:53:3182
02:51:3099
04:33:2030
02:55:3340
03:12:731
03:10:612
04:22:1355
03:57:3473
05:20:1235
05:11:673
03:37:2251
03:10:612
03:33:2016
03:32:1934
04:22:1341
03:49:2961
04:20:1259
03:9:577
03:50:3039
03:48:2891
04:5:323
03:30:1857
03:39:2349
03:9:595
05:21:1283
03:9:579
04:20:1259
03:53:3193
04:23:1383
05:14:872
03:51:3077
04:22:1341
03:29:1740
03:42:2562
03:52:3178
04:22:1341
03:50:3010
03:32:1941
04:11:665
03:53:3193
04:23:1381
04:15:917
03:32:1934
03:2:144
04:25:1502
03:35:2100
05:20:1219
03:50:3039
04:35:2137
03:42:2527
03:51:3106
03:43:2601
03:33:2013
04:25:1502
03:42:2520
03:3:198
03:39:2349
03:12:731
03:32:1974
05:13:795
03:41:2499
03:11:700
03:36:2214
04:4:277
04:19:1163
03:19:1169
03:50:3039
03:56:3386
03:13:839
03:19:1182
03:43:2598
03:39:2349
03:43:2598
03:10:630
03:33:2037
03:11:672
03:10:651
03:51:3060
05:23:1380
03:11:676
04:12:756
03:7:423
03:2:177
03:32:1936
03:34:2041
03:9:595
05:27:1634
03:2:144
03:57:3473
05:21:1261
04:4:277
03:36:2207
03:3:219
03:34:2095
04:16:994
04:19:1170
03:10:630
04:50:3001
03:25:1527
04:13:798
03:32:1976
04:25:1507
03:37:2251
03:20:1248
03:32:1976
04:12:758
03:8:504
03:12:735
04:12:770
04:13:795
03:59:3581
04:23:1401
04:12:746
05:13:800
04:23:1414
03:10:648
03:32:1976
03:10:648
04:29:1783
03:33:1995
03:50:3039
04:12:758
03:36:2167
03:9:584
04:22:1341
03:33:2016
04:15:917
03:42:2534
04:23:1381
03:4:240
05:16:1005
04:13:798
04:23:1423
03:37:2253
03:32:1974
03:53:3193
03:8:500
03:44:2660
04:22:1341
03:19:1155
04:19:1170
03:49:2961
04:13:837
03:5:304
03:53:3193
04:13:798
03:37:2251
04:7:454
03:9:584
03:9:570
04:13:813
05:20:1259
04:13:807
03:50:3039
03:17:1046
04:23:1423
03:20:1228
04:19:1192
04:7:430
03:3:200
03:3:219
03:12:735
03:42:2559
03:12:731
03:3:219
03:34:2069
03:10:609
03:9:595
05:21:1277
03:36:2207
03:42:2547
03:9:576
04:25:1552
03:25:1527
03:42:2535
04:13:798
04:15:921
03:5:301
03:6:417
04:13:795
03:42:2562
03:9:577
03:32:1941
04:24:1443
03:43:2593
03:36:2218
03:58:3512
03:10:609
03:6:370
03:35:2100
03:14:888
03:42:2559
04:19:1192
03:29:1781
03:32:1940
03:33:2016
03:5:303
03:32:1950
04:8:489
04:18:1127
04:25:1552
04:13:795
03:42:2559
04:25:1502
04:19:1170
03:16:984
03:10:617
03:32:1941
03:9:584
03:32:1976
04:19:1192
03:5:338
04:20:1259
03:35:2100
03:37:2228
04:15:921
03:34:2069
03:56:3390
05:13:800
03:12:731
03:14:856
04:30:1856
03:36:2172
03:34:2089
03:43:2622
04:22:1348
03:32:1974
04:22:1366
04:19:1163
03:38:2326
03:38:2306
03:25:1508
04:13:837
03:32:1941
03:42:2534
03:56:3389
03:24:1472
03:10:648
03:2:144
04:17:1079
03:29:1785
04:6:366
03:12:735
04:12:770
03:10:633
04:17:1073
03:46:2799
03:56:3368
02:56:3409
04:19:1163
03:32:1934
03:32:1976
05:13:795
03:9:577
03:32:1948
03:19:1157
04:33:1999
03:43:2593
03:11:704
03:22:1366
02:45:2722
02:51:3077
03:9:577
03:9:570
03:9:585
03:34:2069
03:36:2190
05:13:795
05:3:209
03:43:2580
03:9:570
03:46:2793
03:10:612
04:13:837
03:19:1155
03:53:3193
03:2:144
03:14:843
03:10:612
05:13:795
03:17:1064
03:10:609
03:2:144
04:23:1383
03:9:577
04:59:3577
03:53:3193
03:35:2100
04:13:795
05:35:2111
03:36:2207
03:0:16
04:25:1507
02:51:3060
03:42:2562
03:34:2095
03:9:584
03:32:1961
03:10:614
03:34:2089
04:23:1399
04:28:1712
04:26:1614
04:27:1658
03:43:2593
04:27:1626
04:23:1381
04:5:325
03:42:2535
03:19:1156
03:10:612
04:13:798
03:9:570
03:45:2730
04:4:275
03:39:2349
03:36:2172
03:30:1819
03:53:3193
03:45:2758
04:13:783
03:23:1434
04:11:691
03:42:2520
04:23:1381
03:53:3193
03:9:577
04:28:1712
04:29:1763
03:9:576
03:34:2095
03:43:2595
03:16:984
04:15:921
03:42:2562
03:19:1180
04:15:921
03:32:1948
03:18:1118
04:37:2233
03:2:137
03:38:2306
04:12:763
03:13:829
04:15:917
03:25:1544
04:20:1205
03:56:3386
04:25:1502
03:33:1995
03:33:2037
04:28:1712
04:12:756
04:19:1192
03:50:3034
03:35:2101
04:23:1383
03:40:2411
03:53:3193
05:16:1005
03:19:1195
03:33:2037
03:32:1950
03:53:3193
03:52:3140
04:4:277
04:13:816
03:32:1934
03:32:1974
03:50:3039
04:32:1935
03:53:3193
04:25:1502
03:42:2526
03:25:1508
04:57:3433
03:48:2934
03:13:808
03:34:2095
04:18:1127
03:43:2598
02:58:3536
03:43:2598
03:32:1934
03:9:570
03:56:3412
03:13:808
03:9:580
03:37:2258
02:57:3431
04:13:781
04:20:1259
03:16:984
05:11:673
03:32:1976
05:11:676
03:32:1934
04:17:1073
03:35:2100
03:42:2526
05:15:913
03:43:2622
02:59:3585
03:41:2460
04:12:756
03:25:1544
03:25:1508
03:32:1974
03:10:609
03:15:934
03:35:2100
03:25:1504
03:59:3541
03:35:2100
04:13:795
03:18:1119
03:37:2258
04:25:1502
03:19:1197
03:28:1702
03:42:2520
03:35:2148
03:18:1103
03:25:1544
03:3:198
04:2:139
04:19:1178
02:56:3368
04:19:1163
04:31:1866
04:4:277
03:45:2715
03:10:612
04:28:1712
03:25:1502
04:21:1280
03:51:3106
04:25:1502
04:15:917
02:58:3487
03:34:2095
03:42:2545
03:15:941
03:32:1974
04:24:1481
03:42:2527
03:34:2095
03:9:585
03:34:2069
03:10:648
02:57:3435
03:32:1974
04:13:807
02:59:3579
02:50:3059
03:52:3140
04:15:921
04:11:695
03:31:1873
03:43:2622
03:10:612
03:10:633
03:19:1180
05:20:1259
05:20:1219
03:9:570
04:24:1444
03:50:3006
04:13:807
04:29:1756
04:26:1560
04:15:917
03:21:1316
03:56:3386
03:50:3039
03:14:843
04:33:2030
04:25:1502
04:19:1192
03:49:2961
02:58:3536
05:10:634
04:22:1356
03:50:3039
03:42:2520
05:10:634
04:6:405
03:32:1974
04:19:1170
03:42:2534
03:32:1974
03:26:1562
02:50:3012
03:10:651
03:18:1118
03:9:570
03:19:1157
03:33:2013
04:22:1346
03:35:2129
02:58:3519
03:43:2593
03:3:219
04:25:1502
04:24:1461
03:11:672
03:10:612
04:4:277
03:1:72
03:32:1974
03:9:585
03:32:1934
04:13:798
04:22:1341
03:9:585
03:50:3039
04:27:1626
04:37:2233
03:43:2598
03:38:2306
04:22:1341
03:53:3193
03:50:3006
03:42:2526
03:32:1940
03:9:576
04:25:1507
04:21:1280
03:39:2349
03:32:1961
04:22:1346
03:11:686
04:21:1269
03:57:3473
04:2:158
03:36:2160
03:39:2349
03:10:614
03:12:731
03:40:2459
04:13:795
03:50:3010
03:38:2306
03:9:570
03:32:1961
04:23:1381
04:19:1170
03:34:2095
03:10:609
03:15:941
03:9:570
03:25:1504
03:43:2601
03:2:177
04:11:691
03:16:984
03:27:1668
03:49:2961
03:9:570
03:39:2349
03:52:3152
04:23:1381
03:0:32
03:25:1509
03:50:3039
04:15:921
04:4:277
03:10:609
04:25:1536
03:4:287
03:51:3106
03:54:3245
04:33:2030
03:15:934
03:51:3106
03:42:2534
03:50:3045
03:21:1285
04:29:1783
04:4:277
03:42:2562
03:43:2593
03:38:2306
04:13:798
04:23:1381
05:23:1385
03:38:2306
03:5:338
04:22:1346
05:21:1261
03:38:2306
05:13:800
03:42:2559
02:52:3127
05:23:1380
03:20:1248
04:25:1507
03:43:2626
03:33:2016
03:51:3116
04:22:1346
03:39:2349
03:32:1950
03:32:1948
03:36:2166
05:21:1261
03:19:1143
03:55:3316
04:13:807
03:2:144
03:32:1940
03:13:808
03:12:735
04:18:1127
03:25:1518
04:22:1343
02:58:3490
05:20:1221
03:2:177
04:20:1213
03:33:2037
03:34:2087
03:35:2100
04:25:1507
03:42:2562
03:45:2720
02:53:3217
03:32:1936
04:26:1579
03:9:585
04:22:1346
03:26:1570
04:23:1401
04:12:756
03:37:2222
03:42:2527
03:42:2562
02:58:3490
04:23:1383
03:12:724
03:44:2681
03:32:1936
03:10:651
03:7:422
04:19:1141
04:12:746
04:23:1414
03:43:2580
03:34:2069
04:25:1502
03:32:1941
03:52:3178
03:47:2837
03:14:843
03:20:1228
02:57:3471
03:12:735
05:21:1292
03:19:1169
03:7:454
03:40:2411
03:17:1038
04:9:552
04:13:795
03:10:609
03:2:177
03:25:1540
04:21:1269
03:53:3193
03:32:1974
03:42:2520
04:42:2543
03:9:595
03:32:1976
04:25:1507
04:19:1163
03:9:584
04:15:917
04:21:1305
03:5:338
03:2:151
05:26:1590
03:32:1974
03:25:1527
03:32:1976
03:9:576
04:21:1305
03:9:584
04:4:277
03:23:1393
03:13:808
04:22:1341
03:10:612
03:42:2535
03:51:3106
03:26:1597
03:39:2349
03:13:787
04:15:951
03:53:3204
02:55:3303
03:19:1157
03:28:1735
03:32:1934
05:20:1219
03:34:2095
03:18:1120
03:10:612
04:23:1381
03:19:1178
05:17:1048
04:18:1127
03:38:2298
03:25:1542
04:13:800
03:25:1519
03:8:502
03:10:609
04:18:1120
03:32:1976
04:5:351
03:10:612
05:11:676
04:19:1163
03:36:2214
04:14:858
03:32:1941
04:25:1536
03:10:609
04:23:1383
03:55:3346
03:33:2016
02:50:3051
04:13:798
03:7:469
03:38:2306
03:32:1941
03:18:1132
03:33:2016
03:38:2306
04:24:1476
04:19:1163
04:33:1999
03:13:808
03:34:2095
03:50:3010
03:42:2534
04:24:1471
04:22:1341
03:40:2411
03:50:3010
03:4:269
04:4:277
03:32:1974
03:57:3473
03:42:2534
04:22:1346
03:9:584
03:32:1934
04:28:1712
03:32:1948
04:20:1259
04:4:247
03:11:672
04:25:1502
05:13:795
03:2:163
03:51:3106
04:18:1127
03:2:151
03:49:2988
03:16:984
04:33:2030
03:14:893
03:50:3010
03:32:1948
02:46:2788
04:33:2030
03:41:2468
03:35:2100
03:10:612
03:20:1233
03:57:3473
03:9:577
03:21:1316
05:23:1385
03:32:1948
03:11:672
04:24:1461
03:41:2468
03:9:571
03:44:2685
03:11:672
03:45:2730
04:42:2531
03:43:2622
03:51:3106
02:55:3359
03:12:735
03:42:2535
04:16:1012
03:44:2681
02:49:2946
03:20:1233
03:2:177
02:57:3471
05:23:1380
03:48:2934
03:11:672
03:35:2100
03:34:2095
03:48:2934
03:1:112
03:42:2520
03:2:143
05:23:1380
03:16:984
03:9:585
04:12:756
03:10:609
04:15:921
03:2:139
04:4:247
03:46:2804
04:19:1182
03:15:934
03:9:570
05:21:1261
03:40:2459
03:32:1974
03:57:3473
03:10:612
04:22:1355
03:48:2891
04:4:277
03:44:2685
03:10:648
04:25:1502
03:50:3010
03:26:1562
03:32:1941
03:44:2681
03:50:3010
03:32:1948
03:10:648
03:0:32
03:9:577
03:38:2306
03:33:1992
03:14:849
04:19:1192
03:32:1974
03:42:2522
04:13:807
03:5:333
03:32:1974
03:12:765
03:42:2520
03:20:1220
04:12:770
03:20:1228
03:0:30
04:13:798
03:4:298
03:34:2095
04:23:1383
03:36:2207
03:42:2534
03:39:2349
03:59:3599
03:43:2593
03:43:2593
04:13:795
03:33:2037
03:10:609
05:23:1385
04:19:1170
03:53:3193
03:18:1103
03:50:3010
04:22:1368
03:34:2087
04:19:1192
03:33:1992
04:23:1383
03:53:3193
03:10:612
03:34:2087
03:50:3006
04:15:923
04:23:1401
03:33:2016
03:19:1195
03:57:3473
03:57:3473
02:59:3590
03:50:3053
03:2:146
04:5:325
05:23:1385
03:32:1936
03:12:735
03:10:648
03:12:731
02:51:3119
03:6:416
04:30:1817
03:32:1934
03:34:2069
03:44:2650
03:2:136
03:45:2730
03:10:651
04:23:1381
03:9:559
03:47:2837
03:25:1544
03:10:648
04:4:277
03:41:2468
05:5:308
03:26:1597
03:12:731
03:34:2095
03:32:1948
03:50:3019
03:52:3178
04:28:1705
03:35:2100
03:35:2148
05:21:1292
03:10:612
03:32:1934
03:36:2218
03:24:1469
05:6:402
04:29:1783
03:26:1584
03:51:3106
03:9:577
03:53:3193
03:57:3473
04:27:1626
04:21:1273
03:44:2660
05:20:1226
03:48:2884
03:9:597
03:45:2715
04:16:991
04:15:921
03:23:1393
03:32:1976
04:12:770
03:10:651
03:12:735
03:43:2601
04:22:1368
03:34:2095
03:42:2559
03:19:1180
03:42:2526
03:52:3152
04:24:1444
03:42:2520
03:35:2100
03:38:2320
03:42:2527
04:19:1170
03:43:2626
03:32:1976
03:19:1178
03:43:2593
03:6:364
03:52:3152
04:4:277
03:5:340
03:21:1285
03:0:39
03:22:1366
03:32:1960
03:32:1934
03:35:2100
04:30:1836
03:36:2172
03:32:1934
03:36:2207
03:32:1936
04:35:2126
03:9:576
03:32:1974
04:24:1444
03:53:3193
04:13:798
03:12:735
03:32:1934
03:19:1170
03:32:1940
03:10:612
05:23:1380
05:11:673
03:11:676
03:42:2527
03:50:3039
03:49:2961
03:31:1903
03:9:576
05:16:1005
03:9:585
03:39:2349
03:48:2934
03:10:609
05:16:998
04:19:1192
03:53:3239
04:12:763
02:45:2710
03:12:765
03:32:1934
04:23:1383
02:46:2769
03:56:3386
03:39:2349
03:9:576
03:29:1740
03:2:151
04:19:1163
03:32:1974
03:25:1527
03:30:1857
03:39:2349
04:26:1579
04:18:1120
04:17:1073
03:3:216
04:56:3419
03:9:585
03:19:1195
03:42:2559
03:35:2100
03:32:1974
04:15:917
03:23:1434
03:2:179
03:18:1119
05:23:1380
04:25:1507
05:3:203
04:40:2436
03:10:609
03:11:693
03:14:871
03:21:1316
03:19:1160
02:37:2260
04:19:1192
04:6:402
02:56:3360
04:4:277
04:12:757
03:40:2411
04:23:1426
03:9:570
03:34:2089
03:16:981
04:23:1383
04:13:795
03:43:2593
03:11:672
04:29:1758
04:28:1712
03:21:1295
04:4:277
03:10:612
03:1:112
03:4:262
04:15:917
02:56:3413
03:31:1917
03:32:1976
03:22:1366
04:23:1414
03:10:609
03:34:2089
03:39:2359
04:22:1341
03:10:648
03:13:825
03:5:304
03:9:570
03:51:3106
04:13:807
03:32:1960
03:13:808
03:21:1285
04:27:1626
03:33:2016
03:57:3473
03:54:3240
04:7:441
04:12:756
04:27:1626
03:32:1974
05:21:1261
03:32:1934
03:2:139
03:42:2577
04:25:1502
03:20:1203
04:13:798
03:10:612
03:44:2681
03:32:1976
02:57:3431
03:51:3106
03:18:1103
03:30:1826
03:32:1974
03:32:1940
03:45:2758
04:22:1341
02:52:3148
03:50:3039
04:23:1381
03:32:1948
04:12:756
03:50:3039
03:32:1974
05:14:872
03:2:151
04:22:1341
03:9:570
04:28:1705
03:41:2468
03:35:2135
03:32:1934
03:50:3006
03:43:2626
03:56:3389
03:12:735
03:12:735
04:29:1756
03:10:612
03:53:3193
04:9:580
04:19:1192
03:2:164
03:57:3473
03:51:3106
04:13:807
03:43:2598
02:56:3370
03:10:612
03:32:1974
03:33:2016
04:22:1343
04:9:559
03:14:888
03:36:2172
03:34:2095
03:23:1439
03:51:3060
04:13:798
04:27:1658
03:33:2016
04:17:1054
03:32:1934
03:25:1529
03:50:3039
03:10:612
03:32:1934
04:19:1192
03:20:1233
03:25:1502
03:36:2169
03:9:570
03:39:2361
03:10:651
04:4:277
03:43:2601
03:51:3116
03:9:570
04:25:1502
04:13:798
03:32:1974
02:52:3175
03:25:1527
03:19:1197
03:9:570
03:34:2041
05:26:1590
03:39:2349
03:19:1162
03:34:2095
03:50:3039
04:13:798
04:13:783
03:34:2089
03:9:584
04:25:1502
03:50:3039
03:28:1710
02:50:3046
02:56:3367
03:42:2527
03:43:2593
05:13:795
04:23:1381
03:35:2100
03:10:612
04:25:1502
04:27:1626
03:42:2559
04:29:1756
04:22:1366
04:25:1507
03:33:2013
03:40:2411
03:52:3152
05:11:673
03:44:2685
03:28:1730
03:33:2013
03:11:676
03:54:3290
03:11:676
03:50:3039
02:42:2526
04:13:811
03:32:1940
04:23:1383
04:23:1423
04:22:1343
03:9:584
05:14:866
04:24:1461
04:26:1579
03:9:571
03:51:3116
03:32:1974
04:25:1507
03:4:262
04:13:807
03:27:1651
03:19:1155
03:36:2172
03:46:2793
03:26:1562
03:44:2685
03:53:3193
03:50:3039
05:21:1279
03:50:3010
03:50:3023
03:9:584
03:42:2520
04:29:1772
03:14:849
03:32:1961
03:9:584
03:20:1258
04:18:1127
03:12:735
02:58:3482
03:14:884
04:13:798
03:12:731
04:25:1502
03:15:941
02:50:3023
03:32:1936
05:4:241
03:32:1974
04:11:691
04:19:1170
03:43:2622
03:36:2172
03:10:609
04:13:798
04:33:2004
03:51:3106
03:35:2100
05:33:2015
03:53:3193
03:50:3023
04:13:816
04:40:2436
03:11:700
03:44:2681
05:4:259
04:15:917
02:56:3410
05:10:634
03:49:2961
03:44:2685
04:13:807
04:23:1383
03:10:609
03:12:735
04:15:924
03:31:1873
03:9:570
03:57:3473
05:21:1261
03:42:2559
03:32:1950
04:10:640
03:32:1976
04:29:1783
03:10:651
04:25:1539
03:9:585
03:53:3193
03:34:2069
03:42:2559
03:42:2545
04:20:1230
03:3:193
03:44:2650
02:51:3087
03:10:609
03:42:2527
03:10:630
03:19:1182
03:32:1948
05:27:1634
04:25:1502
04:22:1332
03:32:1961
03:32:1936
03:44:2685
04:27:1626
03:42:2559
04:4:277
04:12:756
03:9:584
02:56:3368
03:43:2622
03:32:1934
03:38:2306
03:42:2520
04:6:381
03:32:1950
03:51:3106
03:36:2167
03:42:2521
05:23:1385
04:13:816
03:50:3010
03:53:3193
03:50:3039
03:42:2520
03:42:2534
04:23:1383
04:13:783
03:9:577
03:32:1976
05:11:676
03:5:303
03:9:571
04:22:1341
04:10:610
03:9:584
03:53:3239
03:50:3010
03:33:2037
03:14:843
03:19:1155
04:12:756
03:12:735
04:10:659
03:9:570
03:43:2626
03:44:2660
03:42:2526
04:13:795
03:36:2172
05:13:834
03:8:535
03:34:2089
03:47:2837
02:59:3590
03:32:1936
03:32:1976
03:9:577
03:48:2934
03:4:298
04:13:807
04:6:361
02:57:3431
03:50:3039
04:26:1560
03:32:1960
04:22:1341
03:32:1961
05:27:1661
05:15:948
04:25:1502
04:20:1232
03:50:3010
05:4:244
04:19:1192
05:11:676
03:9:577
05:6:367
03:42:2522
03:26:1584
03:16:984
04:19:1176
03:45:2715
03:45:2752
04:22:1341
04:19:1170
03:20:1233
03:29:1763
03:59:3543
03:50:3023
03:12:731
03:32:1934
03:50:3010
03:25:1516
03:42:2535
02:55:3324
04:13:798
05:17:1048
03:16:984
03:30:1806
03:48:2891
03:42:2559
03:44:2681
02:47:2843
03:34:2095
02:30:1856
03:10:609
03:35:2100
03:53:3193
04:22:1346
03:32:1974
04:21:1269
03:42:2562
03:9:577
03:16:981
04:12:770
04:13:807
03:32:1974
03:14:849
03:12:731
04:13:837
03:32:1934
05:12:740
02:45:2715
04:18:1127
04:12:756
04:22:1355
04:19:1192
05:13:793
03:34:2095
05:40:2421
03:57:3473
05:21:1261
04:11:665
03:42:2527
03:9:595
04:25:1539
03:5:322
04:29:1756
03:9:584
03:21:1316
03:32:1934
03:50:3039
03:32:1976
04:19:1163
03:34:2065
03:32:1976
03:12:735
04:15:921
03:42:2562
03:50:3010
04:25:1502
03:11:704
03:50:3039
04:13:807
03:33:2013
03:53:3193
03:26:1597
03:9:570
04:23:1381
03:14:843
04:13:781
03:32:1974
03:32:1976
04:15:918
03:25:1509
03:33:2013
03:48:2934
03:33:1995
03:13:808
03:3:216
04:19:1170
03:32:1948
03:14:887
04:22:1346
03:20:1228
03:9:577
03:17:1046
03:11:684
03:4:272
03:19:1170
05:21:1261
05:17:1048
03:32:1934
03:12:735
02:46:2769
03:11:693
05:21:1261
03:42:2559
03:43:2622
02:58:3511
03:10:612
04:27:1626
04:22:1350
03:15:941
03:38:2298
03:12:750
02:57:3471
03:10:609
03:39:2349
04:22:1348
03:32:1934
03:16:984
02:57:3471
03:8:502
04:25:1507
03:32:1974
03:33:2016
03:49:2961
03:25:1544
03:28:1717
03:43:2601
05:8:533
04:4:277
03:49:2957
04:23:1399
03:53:3193
03:10:609
03:53:3193
03:42:2520
03:6:410
03:34:2095
03:34:2095
03:57:3473
03:44:2660
03:21:1283
04:12:756
03:32:1976
03:14:849
03:40:2411
03:50:3010
03:10:651
03:44:2685
03:29:1740
04:29:1756
03:36:2207
03:53:3193
02:52:3123
04:29:1756
03:16:984
03:50:3019
04:24:1476
03:32:1936
03:32:1976
03:45:2715
04:13:807
05:18:1110
03:32:1976
03:32:1941
02:55:3322
03:15:941
03:32:1934
03:51:3106
03:10:609
03:34:2041
03:50:3010
03:14:893
05:17:1048
03:18:1133
03:32:1974
05:27:1634
03:42:2559
04:5:323
03:12:732
04:15:921
03:47:2837
03:10:651
03:31:1873
02:50:3052
03:34:2069
04:17:1054
03:32:1941
04:25:1539
04:6:373
03:32:1974
02:56:3393
03:3:195
03:50:3010
04:23:1381
04:22:1342
03:25:1518
03:18:1103
03:48:2934
03:9:570
03:44:2681
04:12:756
03:46:2793
03:53:3193
04:22:1346
04:12:756
03:11:672
03:9:584
03:9:570
03:51:3106
04:27:1626
04:23:1381
04:19:1170
03:42:2564
03:9:571
04:17:1079
03:9:577
03:18:1118
04:25:1517
03:43:2622
03:9:585
03:42:2577
04:22:1341
03:33:2037
04:25:1502
05:10:634
02:51:3088
03:9:585
04:20:1259
03:15:941
02:56:3393
04:15:917
03:57:3473
04:19:1159
03:17:1038
03:9:570
04:15:917
03:25:1504
03:5:301
03:20:1228
03:9:584
03:16:984
04:25:1502
03:38:2298
03:19:1197
03:53:3193
03:14:887
03:12:731
03:11:672
03:2:151
03:28:1702
03:15:941
04:20:1259
03:33:2037
03:34:2041
03:32:1948
03:9:576
04:21:1305
03:33:2016
03:50:3039
03:42:2559
03:25:1527
03:32:1934
03:39:2349
03:33:2037
03:32:1978
04:13:795
04:11:691
03:45:2758
03:53:3193
04:18:1127
04:5:325
03:10:609
04:22:1346
03:42:2573
03:11:676
03:53:3193
03:21:1270
03:53:3193
03:38:2306
03:44:2650
03:10:606
03:43:2593
03:45:2758
03:35:2100
03:10:609
03:9:570
04:19:1192
03:10:612
03:9:595
03:33:2036
03:13:825
02:57:3431
03:10:609
03:10:609
05:17:1048
03:45:2746
03:50:3039
03:34:2095
03:38:2306
05:27:1661
02:57:3456
03:32:1976
03:42:2527
03:53:3222
03:32:1936
03:18:1119
03:12:770
03:56:3389
03:48:2891
03:2:177
03:33:2016
03:12:731
03:32:1934
05:11:673
03:33:1992
03:32:1950
04:24:1471
03:18:1118
05:12:740
03:46:2793
03:29:1740
03:50:3010
03:56:3386
04:13:795
03:38:2306
05:20:1219
04:6:384
03:9:570
03:9:585
03:2:179
03:9:584
03:34:2065
02:59:3585
03:36:2207
02:55:3334
04:2:121
03:9:585
04:27:1626
03:15:941
03:12:735
03:40:2449
03:37:2228
03:33:1995
03:44:2681
03:42:2562
03:2:139
03:45:2758
04:1:100
03:22:1366
04:13:795
03:51:3106
03:57:3473
05:27:1661
03:1:108
04:27:1626
03:5:303
03:10:651
04:19:1147
03:32:1934
03:35:2135
04:25:1507
03:26:1570
03:9:585
04:22:1341
04:13:798
04:25:1507
03:50:3039
03:50:3010
03:15:941
04:19:1170
02:58:3536
02:50:3023
03:10:612
04:29:1783
03:42:2547
04:13:837
03:42:2562
05:13:800
03:20:1228
03:12:735
03:33:2037
04:3:218
04:25:1502
04:26:1579
03:8:496
04:33:1999
04:23:1383
03:50:3010
02:38:2300
04:23:1399
03:51:3106
03:50:3010
03:21:1285
03:12:735
03:26:1597
03:13:808
03:32:1978
03:42:2526
04:4:277
04:29:1783
03:11:676
03:9:584
03:50:3039
03:32:1974
03:11:700
03:43:2622
03:44:2685
03:42:2520
03:32:1948
03:3:219
03:32:1976
03:15:934
03:10:612
04:12:757
04:17:1054
03:14:887
04:13:798
03:53:3193
05:13:795
02:38:2289
04:15:956
03:49:2974
03:45:2730
04:12:756
03:42:2559
03:10:612
02:56:3413
03:51:3106
04:12:756
03:12:772
03:20:1215
04:23:1423
03:32:1936
04:34:2075
03:50:3012
03:9:584
04:19:1163
03:10:609
04:25:1502
04:56:3417
03:32:1974
03:9:576
03:32:1934
03:9:597
02:48:2903
05:32:1935
04:33:2030
03:5:303
03:9:571
03:50:3039
04:23:1414
02:56:3395
03:48:2884
03:38:2306
03:10:612
04:4:277
03:42:2521
02:51:3105
03:50:3039
04:6:384
04:23:1399
03:9:585
03:2:179
03:40:2411
05:21:1261
03:40:2411
03:8:502
03:48:2934
03:32:1941
02:59:3591
04:23:1381
03:7:457
03:10:651
04:22:1355
03:51:3106
03:48:2934
03:10:609
04:18:1127
03:43:2593
05:11:676
03:11:676
03:48:2934
04:20:1232
05:20:1259
03:39:2349
03:2:175
03:56:3386
03:35:2100
04:33:1999
04:13:807
03:32:1976
04:29:1756
03:50:3039
04:20:1259
03:21:1285
04:24:1471
03:35:2129
04:20:1259
03:28:1717
03:39:2349
03:43:2601
03:32:1974
03:5:338
03:34:2089
03:35:2129
03:22:1366
04:15:921
03:3:225
03:38:2298
04:25:1502
04:33:1999
03:12:765
04:25:1507
04:27:1626
04:6:384
03:44:2685
04:20:1259
03:58:3512
03:32:1936
04:15:917
03:18:1103
04:19:1170
03:9:570
03:5:303
02:41:2486
03:12:735
03:26:1597
04:3:218
03:25:1544
03:43:2593
03:18:1120
03:39:2349
04:27:1626
03:50:3010
03:50:3039
05:21:1261
03:32:1961
03:9:595
03:10:648
03:33:2016
03:36:2172
03:26:1570
03:2:139
03:53:3193
03:32:1950
03:42:2526
03:19:1162
03:42:2535
03:32:1934
03:36:2172
04:13:798
03:33:2013
03:50:3023
05:13:795
05:23:1380
03:38:2298
03:32:1974
03:16:984
03:12:735
04:25:1502
02:44:2655
05:17:1071
03:53:3193
03:7:461
05:13:800
03:19:1195
03:51:3106
03:32:1940
04:13:807
03:25:1518
03:5:338
03:42:2526
03:25:1527
03:12:735
03:9:576
04:22:1366
05:16:1005
03:5:301
03:45:2700
03:22:1321
02:58:3487
05:10:659
03:56:3412
04:24:1499
03:28:1709
03:50:3010
04:30:1856
05:13:829
03:26:1594
05:23:1380
03:41:2468
03:32:1974
03:32:1941
04:22:1366
03:53:3193
03:46:2799
03:38:2306
03:50:3010
04:19:1186
03:53:3193
03:25:1518
03:32:1934
03:21:1316
04:29:1756
03:21:1316
03:9:570
04:27:1626
02:50:3047
04:15:921
03:9:559
03:42:2547
05:32:1935
03:45:2730
03:9:570
03:57:3473
04:25:1539
04:22:1343
03:51:3106
03:7:454
05:20:1259
03:9:571
03:29:1776
04:22:1341
03:29:1745
04:12:757
03:9:584
04:23:1383
04:18:1127
03:9:585
03:29:1781
03:53:3193
04:34:2057
03:32:1934
03:33:2037
03:10:609
03:11:672
03:16:984
04:22:1341
02:58:3493
03:12:731
03:53:3193
03:9:571
03:32:1941
03:37:2251
04:4:277
02:51:3078
04:20:1259
03:38:2306
03:19:1145
03:15:941
02:52:3148
03:32:1950
03:10:609
04:22:1343
03:33:1995
04:20:1259
04:15:951
03:32:1934
03:9:584
03:51:3086
03:10:648
03:12:731
03:12:724
04:19:1178
03:10:612
03:10:612
04:14:858
02:41:2462
03:46:2804
04:28:1705
04:19:1192
04:16:994
04:25:1539
04:4:277
03:9:595
03:25:1544
03:42:2559
03:48:2891
04:28:1712
03:43:2593
03:19:1156
04:12:756
03:9:585
03:10:612
03:50:3039
04:19:1163
03:57:3473
03:36:2218
05:20:1259
04:23:1383
03:18:1087
04:0:19
04:4:277
03:38:2306
03:32:1934
03:47:2837
03:34:2095
03:2:137
03:15:925
03:50:3039
03:43:2626
03:50:3010
03:51:3106
04:26:1560
03:10:612
04:22:1355
03:21:1285
03:33:1995
04:14:848
03:25:1544
03:55:3346
05:13:795
04:18:1127
03:6:368
03:34:2041
03:11:700
04:23:1381
03:9:576
03:50:3010
04:28:1705
04:23:1423
04:22:1341
03:42:2526
05:14:872
03:42:2534
03:25:1509
03:16:984
03:33:2016
05:10:634
03:50:3006
03:33:2016
03:55:3316
04:43:2588
05:25:1536
03:51:3060
03:28:1702
03:50:3039
03:16:984
03:10:648
03:34:2095
05:17:1048
03:5:305
03:35:2100
03:34:2069
04:12:756
03:12:735
03:50:3039
04:22:1347
02:56:3367
03:4:298
03:11:676
04:12:756
04:13:795
02:56:3360
03:10:648
03:37:2251
03:14:887
03:10:612
03:9:577
03:35:2100
04:15:949
03:42:2559
03:9:571
04:19:1192
03:50:3039
04:4:277
03:33:2013
03:42:2545
03:43:2593
03:43:2622
03:9:570
03:53:3222
04:20:1232
03:42:2527
04:13:798
02:48:2896
03:53:3193
03:32:1974
03:37:2249
04:23:1383
03:45:2720
03:32:1974
04:5:325
03:20:1228
03:50:3012
03:42:2559
04:20:1259
03:50:3039
04:29:1756
03:22:1356
03:32:1976
03:1:80
03:42:2520
04:13:798
03:42:2559
03:56:3386
04:28:1705
03:10:609
03:33:1995
03:8:509
03:12:731
03:46:2804
04:29:1756
03:43:2601
03:5:303
03:29:1781
04:9:580
03:18:1084
05:14:872
03:32:1974
04:4:277
03:42:2534
03:34:2094
03:16:984
03:26:1584
04:15:921
03:34:2095
03:12:735
03:28:1712
03:20:1233
03:19:1195
03:11:672
04:25:1552
04:13:798
03:32:1976
05:11:676
04:42:2560
03:56:3412
03:32:1936
05:32:1935
03:47:2843
03:32:1934
03:10:609
04:15:917
03:34:2095
03:44:2681
04:18:1127
04:15:921
04:24:1461
04:13:795
03:10:612
03:5:304
03:11:676
03:34:2095
03:53:3193
04:13:798
03:32:1934
04:33:2030
04:4:277
05:37:2246
03:14:887
02:45:2750
03:25:1544
03:57:3473
03:17:1046
03:32:1924
03:32:1950
04:22:1346
03:9:570
04:25:1507
03:32:1976
04:18:1127
03:16:984
03:43:2593
03:20:1258
05:11:673
03:10:609
05:13:800
03:2:163
03:36:2214
03:14:849
03:12:735
03:42:2527
03:34:2089
04:15:917
04:23:1381
03:50:3006
04:19:1159
04:24:1471
03:39:2361
03:14:893
03:42:2562
03:7:427
04:23:1381
04:13:798
03:36:2207
03:12:735
03:16:984
04:42:2560
05:16:1005
03:32:1934
03:12:731
03:43:2601
04:9:580
03:12:731
03:15:941
03:33:2037
03:27:1668
04:19:1163
02:59:3553
03:10:609
04:19:1192
03:32:1936
03:35:2100
04:18:1127
03:3:193
03:51:3106
05:21:1261
04:12:756
04:22:1341
04:23:1414
03:34:2094
03:41:2502
04:5:338
04:15:917
03:42:2559
03:9:571
04:17:1075
03:34:2095
03:21:1295
03:39:2349
02:56:3413
04:22:1341
03:35:2115
03:14:843
03:4:240
03:39:2349
04:20:1259
03:32:1941
03:15:941
04:18:1127
03:42:2559
03:38:2306
04:17:1035
03:11:676
05:21:1261
03:34:2095
03:33:1992
03:37:2258
03:26:1562
03:32:1974
03:49:2961
03:25:1544
03:17:1060
04:12:756
03:59:3541
03:20:1258
03:1:75
04:19:1170
05:16:1005
03:13:802
03:29:1740
03:35:2100
03:9:577
03:29:1767
03:34:2095
03:32:1974
04:27:1626
04:22:1342
04:25:1502
03:32:1974
03:20:1228
03:10:615
04:12:756
04:12:756
04:2:177
03:39:2349
03:44:2650
05:20:1219
04:29:1756
03:53:3193
03:9:570
03:36:2207
05:27:1634
03:28:1689
03:40:2459
03:14:849
03:9:585
03:32:1961
03:9:571
04:4:277
03:32:1976
05:11:694
03:53:3193
04:12:770
03:19:1195
02:30:1856
04:13:798
03:9:570
03:32:1961
03:32:1941
03:43:2598
03:14:887
03:14:843
03:23:1428
03:34:2065
03:35:2100
04:29:1756
03:49:2961
03:39:2349
03:32:1976
04:34:2057
03:43:2613
03:59:3540
02:56:3378
04:20:1239
04:11:691
03:40:2411
04:13:795
04:22:1343
03:33:2037
03:53:3239
04:12:756
02:41:2501
03:53:3193
03:27:1668
03:42:2526
03:25:1516
03:12:735
03:40:2403
04:7:458
03:42:2559
03:42:2527
03:10:612
04:18:1127
03:42:2520
03:43:2593
03:43:2593
03:23:1392
05:27:1634
03:35:2100
03:14:843
03:38:2306
03:42:2534
03:55:3316
03:49:2961
03:3:191
04:19:1170
03:9:577
05:9:573
04:19:1163
03:30:1843
04:17:1073
02:56:3413
05:20:1219
03:18:1118
04:22:1346
03:42:2559
03:57:3473
03:23:1439
03:44:2650
02:53:3185
02:40:2421
05:22:1322
03:34:2095
03:53:3193
03:44:2685
03:10:609
03:49:2961
04:12:756
03:32:1950
04:23:1414
04:15:921
03:9:585
04:15:951
04:29:1756
03:17:1046
03:44:2681
03:9:570
04:23:1381
03:9:584
05:17:1048
04:23:1414
03:32:1976
03:32:1940
05:31:1877
03:10:612
03:11:676
03:34:2095
04:19:1163
03:10:612
04:21:1293
05:20:1233
03:22:1366
04:19:1185
02:56:3360
04:25:1502
03:39:2349
03:39:2349
03:11:672
04:13:807
03:9:570
02:57:3455
04:40:2436
03:53:3193
03:46:2804
03:36:2194
04:40:2436
03:10:648
04:13:807
03:12:737
04:6:373
03:32:1974
04:13:837
04:28:1712
04:13:798
03:33:2016
03:42:2535
03:20:1228
03:15:920
04:13:795
03:42:2534
03:32:1941
05:27:1634
04:13:781
02:59:3591
03:34:2087
03:37:2251
03:29:1743
04:18:1127
02:51:3098
03:44:2681
03:40:2404
03:4:298
04:13:795
03:32:1934
03:32:1976
03:50:3010
04:19:1170
03:43:2598
04:25:1552
03:21:1295
03:11:704
05:24:1489
03:23:1439
03:34:2041
03:32:1940
03:32:1960
03:17:1046
03:25:1509
03:50:3010
03:39:2349
03:57:3473
03:42:2545
03:32:1940
03:29:1760
03:18:1103
04:27:1658
04:23:1414
03:42:2559
04:12:756
03:57:3473
05:21:1298
03:34:2095
03:45:2720
05:11:676
03:51:3086
03:32:1974
04:12:770
04:13:781
02:57:3436
02:57:3431
04:0:25
02:58:3490
03:9:570
05:7:430
03:9:595
04:23:1414
03:15:916
03:3:200
03:10:651
03:51:3106
03:6:375
03:26:1570
04:22:1366
03:35:2129
03:56:3386
04:19:1170
03:50:3010
03:33:2013
03:9:570
03:38:2306
03:42:2547
02:57:3471
03:33:2037
03:11:700
03:32:1976
03:50:3039
03:19:1160
03:43:2621
04:4:277
03:42:2534
03:46:2799
04:25:1502
03:12:731
04:22:1348
04:24:1476
04:15:921
03:34:2095
04:28:1703
03:48:2891
03:38:2306
03:39:2349
04:8:485
03:45:2720
04:15:915
04:25:1539
03:2:175
03:25:1527
03:34:2095
03:10:651
04:15:917
03:19:1170
03:9:570
04:29:1756
03:29:1775
05:11:676
03:26:1562
03:36:2169
04:13:795
03:19:1156
03:50:3010
03:32:1934
04:13:781
03:32:1936
03:44:2650
02:40:2420
04:22:1355
05:21:1292
04:0:19
04:4:277
03:3:234
03:32:1950
03:5:338
04:15:917
04:20:1232
03:32:1976
04:15:917
03:10:609
04:23:1414
03:53:3193
03:43:2601
04:13:795
03:42:2545
03:32:1934
03:25:1502
03:36:2172
04:25:1502
03:38:2306
03:39:2349
03:50:3010
03:9:570
04:9:585
03:43:2593
03:12:731
03:34:2095
04:27:1626
03:56:3412
03:42:2562
02:57:3479
02:57:3443
02:50:3043
05:11:673
03:38:2306
03:32:1940
04:13:798
03:10:609
03:45:2758
04:8:489
03:51:3106
03:10:612
04:4:277
04:15:928
03:25:1502
03:22:1356
04:12:746
03:53:3193
03:19:1155
03:45:2730
03:57:3473
04:12:756
03:2:139
03:5:303
04:15:921
03:20:1228
03:15:941
03:35:2100
03:13:783
03:18:1119
05:13:795
04:23:1414
03:32:1974
04:4:277
03:42:2535
04:3:186
05:44:2697
04:3:189
03:32:1934
04:23:1381
04:22:1355
03:37:2251
03:53:3193
03:59:3553
03:9:576
03:14:889
03:32:1974
04:15:921
03:50:3039
03:48:2934
03:9:595
03:20:1203
03:6:410
03:36:2214
03:12:731
02:45:2730
04:4:277
03:32:1941
03:27:1668
03:48:2891
03:36:2172
03:9:571
05:31:1877
03:33:2016
03:42:2559
03:32:1941
03:32:1934
04:22:1377
05:22:1354
03:12:735
03:43:2626
03:11:672
03:18:1103
03:54:3273
03:9:585
04:33:2030
03:32:1974
02:50:3045
03:9:584
04:0:19
03:11:676
03:32:1976
03:36:2172
03:42:2527
03:19:1170
03:39:2349
04:25:1502
03:50:3010
03:4:244
03:9:577
03:18:1103
04:5:325
03:9:585
03:32:1934
04:33:2030
05:11:673
03:35:2100
04:4:277
03:25:1502
03:50:3039
04:15:921
03:55:3315
03:37:2251
03:19:1197
03:14:843
04:24:1461
04:22:1341
04:17:1029
04:13:837
03:1:102
03:32:1948
03:14:849
03:42:2534
03:21:1316
03:9:571
04:28:1712
04:22:1366
03:50:3039
03:57:3473
04:28:1705
03:27:1663
03:57:3473
02:57:3443
03:51:3086
03:18:1132
02:59:3564
03:48:2934
04:13:807
03:12:735
03:10:648
03:37:2251
03:42:2520
03:44:2660
03:19:1197
05:9:566
03:9:570
03:34:2041
03:15:941
03:22:1355
04:16:969
03:37:2251
03:21:1273
04:19:1193
03:37:2251
04:22:1341
05:6:367
03:41:2468
04:28:1705
02:56:3380
03:51:3077
03:18:1131
03:19:1170
03:34:2095
03:52:3152
04:43:2588
03:9:576
03:32:1974
03:57:3473
03:42:2520
03:46:2799
04:34:2057
03:3:198
03:51:3106
03:35:2100
05:31:1877
04:17:1049
03:49:2942
04:8:519
02:51:3079
04:25:1502
04:2:158
03:9:585
02:57:3431
03:11:672
04:23:1420
03:32:1976
04:20:1259
04:24:1471
02:47:2870
04:37:2277
02:51:3098
03:32:1974
03:9:577
03:40:2459
04:19:1192
02:55:3315
02:57:3456
03:11:672
03:3:216
03:42:2529
04:13:807
03:32:1936
03:16:984
03:27:1663
03:11:676
03:53:3193
03:51:3086
03:26:1562
03:11:704
04:22:1346
03:31:1914
03:32:1950
03:57:3473
04:17:1049
03:41:2468
03:2:160
04:23:1414
03:15:933
03:15:941
03:21:1318
04:15:921
03:9:595
03:9:576
04:13:795
03:33:2016
03:8:496
03:32:1948
03:12:731
03:7:454
03:10:612
03:31:1873
03:26:1570
04:12:756
04:22:1321
03:32:1936
03:27:1668
04:18:1127
03:15:941
03:44:2681
04:12:756
03:2:144
03:9:585
03:50:3010
04:4:247
02:56:3413
03:18:1095
03:10:630
04:19:1176
04:23:1401
03:42:2562
03:15:941
03:42:2521
03:10:612
03:51:3106
03:10:612
04:25:1502
03:11:672
03:9:597
03:9:595
03:20:1218
05:13:795
05:11:673
03:51:3106
05:20:1259
03:12:730
04:25:1539
03:3:198
03:22:1350
03:36:2172
03:6:375
03:51:3106
03:25:1542
03:9:571
03:35:2135
03:9:585
04:19:1178
03:14:849
04:23:1401
03:33:2013
03:32:1974
03:21:1316
03:42:2564
04:23:1383
03:35:2101
03:44:2685
03:32:1941
03:34:2095
04:15:917
04:24:1448
04:22:1350
05:20:1221
03:44:2681
03:53:3193
04:23:1383
05:30:1813
03:41:2468
05:21:1261
03:38:2288
03:42:2520
02:41:2488
03:57:3473
03:35:2100
04:26:1611
04:15:917
03:4:268
03:53:3193
03:29:1740
03:50:3039
03:50:3010
04:18:1127
03:12:735
03:43:2580
02:50:3016
03:6:368
03:13:808
03:34:2095
05:20:1246
03:50:3010
04:3:186
03:53:3193
03:53:3222
03:32:1976
03:32:1934
03:51:3106
03:43:2593
03:42:2559
04:20:1259
03:57:3473
03:26:1570
04:5:331
05:38:2314
03:19:1161
03:42:2545
03:10:609
03:32:1948
03:50:3010
03:9:584
03:11:700
04:19:1192
03:10:651
03:10:614
04:4:277
04:25:1502
03:37:2251
03:32:1936
03:32:1974
03:32:1974
03:50:3039
04:18:1127
04:15:956
03:47:2843
03:42:2545
03:35:2100
04:23:1383
03:33:2013
03:53:3239
04:33:2030
03:18:1103
03:34:2064
03:43:2622
04:22:1342
03:32:1974
03:39:2349
03:31:1873
03:27:1672
03:27:1632
03:34:2095
03:35:2100
03:15:941
05:17:1048
03:19:1195
04:22:1346
04:25:1552
03:46:2804
04:33:2030
03:25:1527
05:15:951
03:33:2037
03:38:2306
04:15:917
03:42:2520
04:25:1507
03:10:612
03:50:3010
03:20:1228
03:19:1155
05:13:795
03:18:1118
03:5:305
03:34:2074
04:15:921
03:33:2013
04:25:1502
03:32:1978
02:46:2788
03:35:2100
03:40:2411
03:43:2622
02:58:3493
03:34:2095
03:59:3566
03:32:1976
03:50:3006
03:9:584
04:13:798
03:40:2411
04:40:2444
04:23:1381
03:31:1873
03:56:3386
03:9:570
04:12:770
03:51:3116
03:32:1950
04:12:756
04:15:921
03:57:3473
03:20:1228
03:56:3386
03:42:2545
03:9:584
03:4:244
05:21:1279
03:32:1976
03:33:2013
05:16:1005
03:57:3473
03:37:2251
04:22:1346
05:10:634
03:9:597
03:42:2520
03:11:704
03:32:1974
03:47:2843
03:11:671
05:13:787
03:57:3473
04:13:798
03:32:1976
03:32:1936
05:13:800
03:10:612
03:48:2891
04:22:1348
03:32:1940
03:38:2306
03:34:2095
05:20:1219
03:54:3290
03:10:609
03:47:2837
03:43:2601
03:32:1934
03:25:1540
03:18:1119
04:12:756
04:12:770
03:32:1950
03:7:427
03:7:442
03:9:584
04:29:1756
02:56:3368
03:50:3010
03:42:2520
03:9:585
03:39:2349
03:34:2041
02:57:3471
04:4:277
03:36:2160
03:2:175
04:13:807
03:42:2526
04:15:909
03:35:2100
04:5:318
03:56:3386
03:22:1366
04:20:1232
03:38:2306
03:35:2100
03:38:2306
03:21:1261
04:13:798
03:32:1934
04:24:1461
03:32:1940
04:13:795
03:18:1119
03:57:3473
03:39:2349
03:50:3039
04:19:1163
03:25:1509
04:22:1341
03:14:843
04:15:921
04:13:795
03:43:2626
03:2:139
03:40:2459
03:50:3039
03:32:1976
03:13:808
03:53:3239
03:32:1941
03:8:500
03:32:1976
03:11:672
04:24:1471
03:38:2306
03:28:1689
03:14:849
03:42:2559
02:54:3249
05:4:262
05:25:1536
04:4:277
03:25:1540
04:28:1712
03:19:1165
03:53:3193
04:12:756
03:51:3106
03:56:3407
04:13:795
03:33:2037
04:19:1192
04:57:3423
03:0:30
03:15:941
03:15:941
03:32:1950
03:19:1178
03:43:2593
05:7:440
04:23:1414
03:35:2113
03:50:3023
04:29:1763
03:34:2041
03:30:1819
04:23:1381
03:12:731
03:32:1960
03:57:3473
03:9:584
03:9:577
03:55:3346
04:22:1348
03:43:2593
03:42:2534
04:13:795
03:17:1046
03:47:2843
03:47:2837
03:45:2758
03:9:577
04:13:798
03:12:770
04:24:1471
03:25:1542
03:14:843
04:13:795
03:33:1995
03:48:2934
03:25:1509
03:51:3106
03:25:1542
03:19:1195
04:17:1039
03:50:3010
03:32:1960
04:23:1383
03:32:1934
03:10:648
03:36:2207
04:9:540
03:6:396
03:9:570
04:19:1163
03:39:2349
03:25:1502
03:42:2520
03:37:2251
03:32:1941
03:11:676
03:50:3010
03:43:2598
03:9:576
03:12:730
04:14:858
03:4:289
04:29:1756
05:21:1261
03:19:1157
05:26:1590
03:12:735
03:48:2891
03:42:2559
04:19:1170
04:25:1507
02:50:3058
03:10:609
05:11:676
03:9:570
03:32:1936
03:57:3473
03:32:1976
03:5:303
04:19:1163
03:23:1439
03:2:164
04:20:1232
04:22:1366
03:38:2306
04:20:1259
03:19:1196
03:32:1974
03:44:2681
03:9:553
04:24:1471
04:15:917
04:23:1383
03:32:1941
03:39:2349
04:22:1346
03:20:1252
03:39:2349
03:7:478
03:10:612
03:36:2207
03:56:3386
04:25:1502
03:32:1976
03:36:2167
03:9:570
04:24:1443
03:28:1703
03:20:1233
03:34:2041
03:56:3386
03:30:1843
03:51:3060
03:21:1318
03:43:2601
03:12:731
04:23:1414
03:32:1976
03:10:612
03:32:1936
03:42:2535
03:9:576
03:34:2095
04:29:1756
03:51:3106
03:50:3045
04:24:1476
03:27:1663
03:32:1976
04:25:1507
03:29:1740
03:43:2593
03:50:3010
05:9:573
03:28:1705
03:6:370
03:26:1605
04:25:1502
03:43:2626
03:50:3039
03:56:3386
03:48:2891
03:9:570
03:32:1976
03:32:1948
03:39:2349
04:29:1763
04:20:1232
04:15:917
04:4:277
04:12:756
04:4:277
03:32:1974
03:56:3412
04:25:1539
03:34:2095
03:2:151
03:25:1504
04:13:795
04:4:277
03:12:731
03:46:2799
03:44:2650
05:3:202
03:56:3386
03:10:648
03:11:672
03:47:2843
03:34:2095
05:13:795
03:38:2306
03:44:2650
03:42:2535
04:33:1999
03:20:1208
03:2:163
03:22:1366
03:41:2468
03:32:1948
04:12:756
03:36:2167
04:4:277
03:9:570
03:48:2884
04:34:2057
03:6:401
03:25:1508
03:51:3106
03:32:1950
04:14:890
03:9:576
03:51:3106
03:51:3106
04:22:1346
03:12:765
04:33:1999
03:50:3039
03:51:3106
03:18:1103
04:26:1574
03:19:1155
04:13:795
04:13:795
03:34:2087
03:2:153
05:20:1219
03:9:571
04:15:917
03:25:1504
03:11:672
04:12:771
02:57:3431
04:23:1414
05:13:795
04:22:1355
03:9:576
05:38:2314
04:8:524
03:20:1233
03:28:1697
02:57:3436
03:38:2306
03:57:3473
03:38:2306
03:27:1663
04:12:756
04:42:2560
02:54:3275
04:13:807
03:12:735
04:19:1170
03:44:2681
03:15:941
02:50:3046
03:43:2598
04:12:756
03:42:2562
03:50:3039
03:51:3106
03:10:630
05:11:676
03:26:1597
03:9:570
04:23:1381
03:53:3193
03:27:1632
03:44:2681
03:56:3389
03:50:3010
03:56:3386
04:18:1127
03:28:1702
03:53:3193
03:50:3010
03:19:1170
05:13:795
03:43:2593
04:13:798
04:13:781
04:13:781
03:56:3386
04:35:2137
03:35:2129
03:32:1934
03:21:1316
03:34:2095
04:21:1281
03:34:2095
02:52:3151
04:23:1381
03:9:577
04:18:1127
05:11:673
04:15:917
04:12:756
03:56:3386
03:42:2520
04:25:1502
03:9:570
03:32:1974
04:13:795
03:53:3193
03:59:3594
03:32:1976
04:29:1756
03:3:192
03:32:1940
03:53:3193
03:34:2095
03:36:2214
03:12:762
03:39:2349
04:24:1443
03:19:1195
03:42:2562
03:53:3193
05:13:802
03:32:1960
03:9:570
03:18:1085
03:32:1934
03:29:1740
03:38:2306
03:32:1976
04:14:858
03:46:2804
03:43:2622
03:50:3039
03:9:584
03:51:3114
03:10:612
04:19:1176
02:48:2896
03:32:1934
03:42:2562
03:50:3012
03:44:2650
04:9:556
05:26:1590
03:45:2752
04:22:1346
03:25:1509
03:10:612
03:34:2095
03:42:2529
03:32:1974
03:28:1705
03:50:3039
03:10:609
03:50:3010
04:19:1192
02:50:3032
04:5:349
03:10:648
04:14:890
03:14:863
04:4:277
03:11:672
03:42:2527
03:50:3010
03:25:1509
04:18:1127
04:20:1213
03:35:2100
03:44:2681
04:15:921
04:12:756
04:13:795
02:38:2336
03:50:3010
03:20:1258
04:19:1159
03:32:1976
03:34:2095
04:24:1461
03:44:2681
04:18:1127
03:12:729
03:32:1961
03:32:1974
03:29:1740
03:32:1936
03:50:3039
03:53:3193
03:43:2626
03:12:731
03:32:1974
04:33:2030
03:25:1540
03:43:2622
04:23:1401
04:20:1259
03:42:2526
05:13:795
05:23:1380
03:11:672
03:32:1934
03:32:1934
03:15:941
02:51:3098
04:20:1205
03:9:585
02:51:3105
02:45:2735
03:35:2148
03:53:3239
03:32:1941
03:32:1934
03:50:3039
03:33:2037
03:38:2320
03:14:887
04:23:1381
03:42:2559
03:9:585
03:12:731
02:44:2657
03:15:941
05:13:800
03:35:2100
03:43:2593
03:55:3346
03:32:1936
03:15:934
03:50:3039
03:34:2095
03:7:454
04:6:366
03:53:3193
03:42:2526
03:32:1934
02:51:3087
03:9:584
03:32:1976
03:42:2559
04:19:1170
04:22:1343
03:44:2681
03:17:1046
03:38:2306
04:18:1104
03:44:2685
04:4:277
03:14:843
04:18:1127
03:32:1976
03:33:1992
03:50:3016
03:43:2580
03:1:102
04:27:1665
03:49:2961
03:20:1231
05:11:715
03:23:1439
03:54:3284
03:51:3106
04:25:1539
03:12:731
03:32:1976
03:32:1950
03:34:2089
03:51:3106
03:36:2172
02:58:3492
05:10:634
04:12:756
03:19:1197
03:33:2037
02:55:3355
05:11:676
03:42:2559
03:10:626
03:53:3193
03:42:2535
03:50:3010
03:57:3473
03:25:1544
04:24:1443
03:57:3473
03:36:2207
03:53:3193
03:29:1740
03:48:2891
04:13:798
03:33:2013
04:13:783
02:46:2765
04:20:1259
03:44:2650
03:36:2190
04:17:1070
03:9:570
04:22:1341
03:25:1519
03:3:231
04:18:1127
02:34:2065
03:50:3052
03:39:2349
03:42:2562
03:43:2593
03:16:984
03:7:469
03:50:3006
03:50:3039
04:13:795
03:9:576
04:22:1355
02:59:3553
03:14:887
03:10:651
03:48:2884
03:9:570
04:19:1170
03:32:1976
03:32:1950
02:57:3431
03:25:1502
04:22:1366
03:34:2095
03:47:2837
03:12:735
03:10:648
03:50:3006
03:50:3039
03:25:1544
03:2:139
04:12:756
03:32:1976
03:32:1924
03:53:3239
03:9:585
03:52:3132
03:53:3193
05:21:1261
03:32:1934
03:51:3116
03:26:1570
04:4:277
03:5:347
04:22:1341
03:9:570
03:10:609
04:13:798
04:19:1192
03:57:3473
03:14:849
05:23:1380
04:14:858
03:36:2167
03:11:672
03:9:570
03:42:2562
03:19:1143
03:33:2013
03:42:2562
03:51:3106
03:10:612
03:32:1940
03:32:1976
03:32:1934
04:12:756
02:58:3519
05:13:800
03:47:2837
03:50:3023
04:19:1170
03:57:3473
04:12:771
03:43:2593
04:22:1341
03:32:1934
03:9:584
03:47:2837
03:2:139
04:4:277
03:14:887
03:2:177
03:16:984
04:28:1712
03:44:2681
03:11:672
04:15:951
03:44:2654
03:31:1917
04:24:1461
03:46:2793
02:50:3059
03:16:996
02:36:2180
04:24:1476
04:15:917
04:21:1305
03:19:1161
05:23:1385
02:55:3309
03:32:1976
03:9:577
03:24:1482
04:22:1346
03:2:165
03:56:3386
03:12:731
03:11:672
03:46:2793
03:14:887
03:32:1934
03:34:2095
03:9:584
04:25:1507
03:39:2349
03:53:3193
04:23:1381
04:12:756
03:19:1178
04:12:758
03:38:2306
03:32:1974
03:33:2016
04:12:758
05:27:1634
03:19:1197
03:12:735
03:9:570
03:48:2934
04:12:756
03:35:2129
04:15:921
03:50:3039
03:51:3106
03:41:2468
03:53:3193
03:18:1120
04:23:1381
02:56:3378
04:37:2233
03:2:139
03:32:1974
03:53:3193
05:20:1259
02:42:2529
02:56:3393
03:10:630
04:19:1192
03:33:2013
04:19:1163
03:53:3224
03:9:577
04:15:917
03:51:3106
02:56:3395
04:12:763
03:9:570
03:14:887
03:29:1781
04:19:1170
03:53:3193
05:21:1261
05:20:1228
03:50:3039
03:32:1941
04:19:1163
03:32:1934
03:10:609
03:50:3052
04:12:757
04:5:323
03:44:2650
03:53:3193
03:53:3193
03:7:461
03:32:1940
03:32:1960
03:53:3193
03:9:597
03:42:2520
03:16:984
04:22:1342
03:51:3106
03:9:570
03:42:2522
04:18:1127
03:32:1974
03:30:1819
03:43:2622
03:11:676
04:25:1502
03:32:1934
03:19:1162
02:39:2349
04:22:1356
03:43:2622
03:35:2100
03:51:3106
04:22:1341
03:44:2681
03:41:2468
03:39:2356
04:25:1507
04:13:798
03:32:1934
03:42:2559
04:13:798
05:20:1219
03:28:1704
03:5:304
03:12:735
04:20:1226
03:33:2013
03:44:2685
03:10:609
03:5:303
05:13:795
03:42:2520
03:18:1103
03:9:570
03:2:164
04:22:1346
04:7:458
03:9:584
03:10:609
05:23:1385
03:32:1961
04:23:1383
03:51:3106
03:9:584
04:13:798
03:5:340
03:10:651
04:22:1346
03:32:1976
04:24:1461
03:20:1228
03:6:375
03:30:1826
04:13:798
03:32:1974
03:2:137
03:32:1976
03:9:584
03:20:1228
04:19:1163
02:58:3490
03:9:584
03:10:609
03:19:1162
03:29:1785
03:42:2527
03:26:1597
04:21:1305
04:15:921
03:36:2172
05:23:1385
04:2:158
03:11:676
04:33:2030
03:50:3010
03:32:1941
03:32:1934
03:51:3106
03:56:3386
03:5:338
03:9:559
04:26:1579
03:32:1961
04:19:1192
05:13:800
03:39:2349
03:51:3106
03:19:1162
03:42:2534
05:38:2314
03:40:2411
03:56:3386
03:14:843
04:37:2241
03:19:1155
03:11:672
04:13:798
04:22:1341
04:15:917
03:9:576
03:56:3386
03:16:984
04:22:1346
03:32:1934
03:51:3106
03:32:1940
03:10:648
03:3:235
03:39:2349
03:50:3010
05:23:1385
04:20:1259
03:42:2535
03:39:2349
03:3:216
03:12:748
04:25:1502
04:22:1355
04:5:323
03:13:823
03:32:1974
03:32:1960
03:42:2522
03:34:2095
04:23:1420
03:42:2562
03:40:2411
03:9:584
03:9:571
05:4:244
04:22:1341
03:14:887
03:42:2562
03:32:1960
03:9:570
03:42:2520
03:49:2996
03:32:1940
04:8:489
03:32:1948
03:35:2100
03:42:2577
03:19:1157
03:16:984
03:34:2089
04:16:969
03:14:887
03:32:1960
03:39:2349
02:55:3355
03:42:2559
03:53:3193
03:12:731
03:15:920
03:9:570
03:32:1941
03:51:3060
04:13:807
04:27:1626
03:42:2577
03:53:3193
03:9:577
04:13:807
04:25:1502
03:34:2069
03:46:2793
04:33:2030
02:56:3413
04:23:1381
04:17:1039
03:38:2306
03:9:571
03:14:849
03:18:1124
03:43:2598
04:24:1499
03:48:2934
03:9:585
03:19:1155
03:33:1992
03:51:3106
03:53:3193
03:32:1941
03:9:595
04:16:994
03:12:770
03:35:2100
04:17:1073
03:9:570
03:43:2598
04:12:756
04:15:917
04:15:921
04:13:795
03:34:2096
03:25:1507
04:9:582
04:15:917
04:27:1626
03:12:731
03:51:3116
03:9:576
03:10:609
03:17:1054
03:33:1995
03:12:731
05:10:635
04:42:2543
03:53:3193
03:35:2129
03:42:2559
03:39:2349
04:15:921
03:25:1544
03:9:570
04:23:1401
03:10:612
04:13:795
04:20:1205
03:49:2942
03:42:2545
05:10:634
04:13:795
04:20:1205
02:57:3471
03:30:1809
03:42:2526
03:34:2095
05:11:673
03:12:735
05:21:1292
02:57:3435
03:6:396
03:2:179
03:10:609
03:42:2527
04:15:921
03:34:2089
03:44:2650
03:25:1502
03:42:2559
04:15:921
03:3:193
04:19:1163
03:51:3060
05:20:1219
03:11:700
03:9:570
04:12:756
03:47:2837
03:4:297
04:33:2030
04:30:1817
04:25:1539
05:23:1385
03:34:2095
03:30:1819
03:12:730
04:29:1772
03:43:2593
03:50:3010
03:55:3346
03:22:1366
03:50:3039
03:10:633
03:16:984
03:36:2172
04:4:277
05:21:1292
04:22:1341
03:32:1950
04:23:1383
04:21:1281
03:12:731
03:10:651
05:17:1048
03:32:1976
04:15:917
03:16:992
02:58:3532
03:2:139
04:15:921
03:12:737
03:59:3564
03:49:2961
03:12:735
03:33:2037
04:23:1383
03:48:2901
03:44:2685
03:13:780
03:53:3193
03:10:609
03:41:2468
03:2:144
03:35:2100
05:10:641
04:23:1414
03:42:2520
03:9:570
03:50:3039
03:10:612
04:27:1658
03:42:2520
04:19:1170
03:9:570
04:25:1502
04:12:756
03:18:1095
03:36:2207
03:10:651
03:34:2041
03:33:2036
04:19:1192
03:28:1704
03:32:1934
03:32:1941
03:32:1974
03:43:2601
04:12:746
03:1:119
03:53:3193
04:12:756
03:50:3010
03:56:3386
03:9:577
03:50:3010
03:35:2100
03:9:570
03:32:1951
05:11:676
02:50:3059
03:9:571
03:6:392
03:20:1237
03:40:2449
03:52:3152
03:28:1712
04:3:186
04:13:798
03:56:3389
04:27:1626
03:34:2089
03:4:287
03:21:1295
04:15:921
04:5:323
03:34:2095
03:32:1941
03:10:609
03:38:2326
03:23:1439
03:39:2356
04:13:807
04:18:1127
03:10:609
04:4:277
03:53:3193
03:47:2837
03:34:2089
04:19:1192
03:57:3473
03:35:2100
03:19:1162
03:12:731
03:17:1046
04:12:756
04:19:1170
03:39:2349
03:26:1584
04:23:1383
05:13:800
03:7:429
05:13:795
03:46:2793
03:43:2601
03:9:584
04:6:384
04:32:1927
03:19:1162
03:16:996
03:11:704
03:58:3512
03:11:700
03:18:1094
04:19:1163
03:35:2100
04:24:1444
03:42:2559
05:13:795
03:26:1562
05:26:1590
04:11:691
02:56:3378
03:51:3106
04:13:798
05:23:1385
03:51:3106
04:23:1381
03:58:3512
05:10:634
03:54:3245
03:9:570
05:23:1385
02:55:3355
02:51:3077
03:42:2545
04:13:795
03:38:2306
03:43:2593
05:11:673
02:38:2314
03:34:2095
03:10:609
03:50:3039
03:5:309
03:32:1976
03:41:2468
03:10:612
03:32:1934
03:44:2685
03:50:3053
03:34:2095
03:32:1936
04:12:756
03:32:1941
04:39:2368
03:12:731
03:50:3010
04:22:1346
03:50:3039
03:53:3193
03:5:304
02:58:3487
03:32:1976
04:22:1346
03:42:2520
03:32:1974
04:19:1170
03:14:849
03:36:2160
03:14:854
03:32:1948
03:10:609
03:35:2127
03:4:262
03:58:3512
03:42:2520
05:14:866
03:10:609
03:50:3010
05:13:795
04:22:1341
03:12:735
04:23:1414
03:35:2100
05:17:1048
04:19:1170
03:32:1934
03:45:2730
03:12:731
03:26:1562
03:32:1934
03:42:2545
03:2:124
03:14:887
03:25:1518
03:43:2598
03:25:1507
04:13:813
03:10:609
03:32:1960
05:10:635
03:34:2041
04:25:1539
03:32:1976
05:20:1219
04:22:1341
03:20:1252
03:20:1228
03:35:2100
04:13:798
05:16:1005
04:4:277
04:22:1346
03:32:1976
03:32:1936
04:13:816
03:9:571
04:13:798
03:32:1950
03:34:2069
03:48:2881
04:13:811
03:32:1974
03:17:1046
03:9:577
03:42:2527
03:16:996
03:50:3039
04:20:1259
03:32:1924
03:42:2535
04:23:1383
02:28:1693
02:57:3435
03:12:735
02:57:3456
03:14:887
04:27:1626
03:43:2601
03:10:612
04:12:756
03:37:2237
05:12:764
03:35:2100
04:25:1502
03:54:3290
03:15:933
04:13:816
05:21:1261
03:32:1924
03:12:765
04:19:1170
03:53:3193
03:38:2306
04:28:1712
03:34:2095
03:9:585
03:27:1668
03:56:3407
05:23:1419
05:27:1661
03:19:1155
05:11:673
03:4:240
03:39:2349
04:6:384
03:56:3386
05:11:673
03:36:2172
03:38:2306
04:13:798
04:22:1341
04:27:1626
03:32:1934
03:53:3193
04:15:951
03:33:2016
03:33:2037
04:15:917
05:23:1380
03:46:2799
04:30:1817
03:20:1233
02:53:3182
04:24:1471
05:21:1301
04:25:1507
03:34:2087
03:48:2934
03:38:2306
03:9:545
02:57:3429
05:21:1261
02:57:3435
03:19:1178
03:43:2601
03:10:651
04:13:795
03:11:672
03:52:3132
03:42:2545
03:2:164
04:33:1999
03:44:2681
03:42:2529
03:13:808
04:13:795
03:13:808
04:40:2436
03:0:32
03:9:570
03:42:2547
04:24:1481
04:17:1043
04:9:552
03:43:2622
04:13:798
05:21:1292
04:13:795
04:20:1232
03:10:612
03:48:2891
03:33:2013
03:35:2100
03:36:2194
02:53:3217
03:32:1976
03:35:2100
05:13:795
03:53:3193
03:25:1544
04:13:798
03:39:2349
03:34:2089
03:42:2527
03:9:570
03:59:3543
04:3:207
03:29:1745
03:35:2100
03:32:1960
03:19:1155
03:25:1542
03:48:2891
03:35:2100
03:44:2681
04:13:837
03:32:1934
03:18:1132
03:11:676
03:32:1974
03:34:2095
03:45:2758
03:35:2148
04:13:807
03:33:2013
04:25:1507
03:13:808
03:33:1995
03:42:2521
04:13:807
03:50:3039
04:33:2030
03:29:1740
03:32:1976
03:9:570
05:19:1151
04:27:1626
04:17:1054
03:43:2593
03:34:2095
03:10:609
03:50:3039
03:42:2527
05:16:1005
03:51:3106
03:11:704
03:32:1976
04:13:798
04:23:1383
03:50:3039
04:22:1341
03:9:576
03:11:684
04:13:798
03:32:1948
03:33:2037
04:19:1192
02:45:2730
04:19:1163
03:35:2103
04:13:798
02:50:3051
04:15:921
03:38:2306
04:15:921
04:15:911
03:42:2527
04:19:1163
05:23:1380
03:32:1936
05:13:800
03:50:3033
03:39:2349
02:57:3435
02:59:3591
03:32:1934
04:28:1712
03:47:2837
03:50:3023
04:5:349
03:58:3490
04:15:921
04:23:1381
04:23:1381
03:43:2601
03:26:1597
03:14:887
03:35:2100
03:4:298
04:27:1658
03:9:576
03:16:984
04:19:1176
03:2:177
04:19:1192
05:16:1005
03:50:3010
04:12:763
03:43:2593
03:6:411
03:51:3086
03:56:3398
03:11:672
03:32:1934
03:32:1936
03:32:1948
03:33:2037
05:20:1259
03:36:2172
03:17:1038
03:37:2253
04:13:795
03:44:2654
04:15:951
03:32:1960
04:23:1414
03:4:258
04:19:1163
04:13:798
03:41:2509
03:3:219
02:59:3591
03:42:2559
04:4:277
03:50:3039
04:13:795
02:51:3060
03:12:735
03:2:139
03:37:2277
03:9:585
03:57:3473
04:24:1471
04:12:763
03:32:1974
03:57:3473
04:15:921
05:27:1634
03:42:2535
03:35:2135
03:35:2100
02:51:3102
03:10:612
03:33:1995
04:19:1163
03:12:770
05:13:795
03:34:2069
03:50:3052
03:32:1976
04:29:1756
03:15:941
05:20:1219
03:5:304
03:52:3140
04:29:1783
03:15:934
03:48:2934
04:19:1192
04:16:994
02:59:3564
03:38:2306
03:32:1976
03:18:1103
03:25:1518
03:26:1562
03:32:1974
04:15:917
05:20:1259
04:33:2030
04:15:956
04:13:807
03:50:3039
03:42:2534
03:45:2715
03:11:672
03:53:3193
03:56:3386
02:56:3410
03:51:3086
04:17:1039
04:20:1259
02:45:2735
